1 109
2 109
3 173
4 7
5 538
6 538
7 1719
8 1715
9 1678
10 1603
11 1595
12 1496
13 1427
14 1422
15 1418
16 436
17 1389
18 1371
19 7
20 1261
21 1199
22 1158
23 7
24 538
25 1037
26 1125
27 417
28 538
29 538
30 538
31 538
32 538
33 538
34 538
35 538
36 538
37 47
38 109
39 538
40 109
41 538
42 538
43 538
44 109
45 309
46 109
47 1055
48 538
49 1050
50 1043
51 538
52 7
53 7
54 1025
55 538
56 538
57 1007
58 84
59 84
60 980
61 7
62 117
63 190
64 7
65 109
66 855
67 850
68 831
69 806
70 796
71 791
72 775
73 773
74 109
75 109
76 109
77 7
78 7
79 109
80 758
81 753
82 703
83 688
84 7
85 687
86 686
87 679
88 382
89 309
90 538
91 538
92 54
93 538
94 671
95 538
96 538
97 538
98 599
99 575
100 573
101 109
102 1727
103 918
104 1433
105 1411
106 1367
107 1361
108 1352
109 1348
110 445
111 497
112 604
113 786
114 1272
115 538
116 844
117 1137
118 109
119 1086
120 538
121 538
122 109
123 538
124 538
125 506
126 538
127 538
128 920
129 538
130 538
131 919
132 1038
133 538
134 538
135 538
136 538
137 764
138 538
139 472
140 538
141 108
142 538
143 1014
144 538
145 348
146 109
147 997
148 995
149 988
150 84
151 16
152 981
153 109
154 974
155 954
156 930
157 901
158 895
159 800
160 795
161 109
162 109
163 7
164 196
165 109
166 109
167 109
168 330
169 109
170 109
171 109
172 694
173 691
174 538
175 538
176 7
177 538
178 109
179 7
180 538
181 662
182 7
183 614
184 566
185 563
186 556
187 538
188 549
189 538
190 538
191 538
192 538
193 538
194 542
195 538
196 538
197 109
198 7
199 109
200 109
201 109
202 538
203 1775
204 1708
205 1592
206 1574
207 1541
208 7
209 7
210 1438
211 1211
212 1423
213 368
214 1294
215 1128
216 538
217 109
218 109
219 7
220 538
221 538
222 1023
223 895
224 538
225 1013
226 1008
227 1002
228 985
229 109
230 982
231 190
232 978
233 968
234 963
235 868
236 857
237 705
238 700
239 696
240 677
241 538
242 7
243 538
244 538
245 617
246 538
247 546
248 537
249 109
250 109
251 109
252 109
253 109
254 109
255 7
256 529
257 7
258 511
259 109
260 109
261 109
262 109
263 109
264 494
265 493
266 475
267 467
268 462
269 411
270 376
271 357
272 318
273 300
274 280
275 270
276 268
277 264
278 263
279 258
280 242
281 241
282 227
283 224
284 225
285 201
286 200
287 194
288 192
289 187
290 169
291 71
292 49
293 7
294 7
295 7
296 7
297 7
298 7
299 7
300 7
301 538
302 538
303 1781
304 109
305 538
306 130
307 140
308 109
309 538
310 538
311 538
312 109
313 1080
314 109
315 1696
316 109
317 1776
318 1761
319 1749
320 1750
321 1740
322 1728
323 1720
324 7
325 1709
326 1651
327 1647
328 1630
329 1609
330 1604
331 1582
332 1575
333 1564
334 1562
335 1546
336 1543
337 1539
338 1517
339 1516
340 1513
341 1509
342 1498
343 203
344 1443
345 632
346 655
347 538
348 109
349 390
350 538
351 109
352 1143
353 109
354 538
355 1205
356 1424
357 1420
358 1412
359 1383
360 620
361 626
362 652
363 1374
364 1372
365 538
366 161
367 429
368 538
369 611
370 7
371 109
372 7
373 1341
374 1335
375 1309
376 1304
377 1295
378 1291
379 1273
380 1262
381 1252
382 1226
383 1216
384 1200
385 1201
386 1173
387 1167
388 1168
389 1164
390 1159
391 1153
392 1154
393 109
394 339
395 449
396 426
397 409
398 7
399 538
400 109
401 543
402 593
403 836
404 1661
405 1777
406 1738
407 1679
408 1648
409 1605
410 1593
411 652
412 109
413 1435
414 1360
415 435
416 109
417 1296
418 1169
419 1165
420 1160
421 1148
422 568
423 644
424 692
425 109
426 1134
427 109
428 538
429 538
430 538
431 538
432 1107
433 294
434 538
435 109
436 109
437 1079
438 109
439 538
440 538
441 7
442 1024
443 538
444 538
445 7
446 538
447 879
448 54
449 309
450 1009
451 109
452 109
453 538
454 967
455 7
456 7
457 109
458 955
459 948
460 942
461 763
462 910
463 894
464 832
465 807
466 329
467 109
468 7
469 340
470 109
471 750
472 538
473 754
474 697
475 692
476 538
477 538
478 538
479 669
480 667
481 666
482 538
483 538
484 109
485 618
486 7
487 554
488 550
489 538
490 538
491 538
492 538
493 411
494 7
495 538
496 109
497 109
498 109
499 109
500 109
501 1314
502 1577
503 1563
504 648
505 538
506 1316
507 1217
508 109
509 7
510 1084
511 538
512 538
513 1061
514 538
515 756
516 538
517 7
518 818
519 779
520 109
521 538
522 698
523 7
524 689
525 538
526 538
527 538
528 382
529 538
530 672
531 569
532 7
533 538
534 109
535 209
536 513
537 109
538 109
539 502
540 109
541 496
542 109
543 495
544 7
545 457
546 389
547 355
548 319
549 282
550 240
551 232
552 226
553 216
554 193
555 176
556 154
557 127
558 124
559 122
560 75
561 29
562 25
563 7
564 7
565 7
566 7
567 7
568 7
569 7
570 7
571 7
572 7
573 7
574 7
575 7
576 7
577 7
578 7
579 7
580 7
581 7
582 7
583 7
584 7
585 7
586 7
587 7
588 7
589 7
590 7
591 7
592 7
593 7
594 7
595 7
596 7
597 7
598 7
599 7
600 7
601 1444
602 538
603 920
604 1428
605 1425
606 538
607 1362
608 109
609 1218
610 329
611 406
612 109
613 895
614 538
615 538
616 538
617 190
618 983
619 7
620 975
621 969
622 851
623 833
624 808
625 109
626 699
627 109
628 7
629 538
630 628
631 576
632 538
633 538
634 538
635 538
636 109
637 7
638 109
639 109
640 109
641 109
642 109
643 109
644 506
645 109
646 109
647 109
648 109
649 109
650 483
651 109
652 109
653 491
654 486
655 485
656 109
657 404
658 364
659 356
660 354
661 333
662 109
663 109
664 229
665 222
666 7
667 217
668 155
669 128
670 125
671 120
672 7
673 92
674 7
675 7
676 7
677 7
678 7
679 7
680 7
681 7
682 7
683 7
684 7
685 7
686 7
687 7
688 7
689 7
690 7
691 7
692 7
693 7
694 7
695 7
696 7
697 7
698 7
699 7
700 7
701 647
702 7
703 113
704 541
705 109
706 109
707 843
708 882
709 1283
710 538
711 1778
712 160
713 158
714 428
715 1739
716 538
717 808
718 1082
719 1680
720 1652
721 1649
722 1631
723 1610
724 1606
725 1594
726 1583
727 1576
728 1540
729 1518
730 1514
731 1500
732 1499
733 204
734 1445
735 642
736 760
737 538
738 176
739 109
740 109
741 1197
742 1214
743 1436
744 1434
745 1413
746 1390
747 538
748 635
749 1368
750 609
751 109
752 7
753 303
754 1340
755 1320
756 1305
757 1297
758 1274
759 1253
760 1221
761 1202
762 1183
763 1170
764 7
765 1157
766 181
767 401
768 538
769 538
770 109
771 538
772 109
773 1138
774 166
775 126
776 7
777 538
778 538
779 76
780 538
781 109
782 1120
783 538
784 538
785 538
786 7
787 1114
788 538
789 109
790 590
791 538
792 7
793 538
794 538
795 7
796 418
797 538
798 1098
799 538
800 166
801 7
802 7
803 109
804 109
805 109
806 585
807 538
808 920
809 109
810 1762
811 1751
812 1721
813 1714
814 1710
815 1695
816 1683
817 1565
818 1547
819 1510
820 1511
821 1489
822 1454
823 1446
824 639
825 7
826 727
827 739
828 131
829 109
830 538
831 660
832 538
833 1439
834 109
835 1195
836 1421
837 434
838 627
839 632
840 1375
841 1373
842 109
843 909
844 1369
845 1358
846 175
847 423
848 538
849 538
850 109
851 7
852 1336
853 1337
854 1301
855 1219
856 1203
857 1189
858 1181
859 656
860 649
861 339
862 1155
863 1156
864 7
865 7
866 774
867 881
868 538
869 918
870 920
871 538
872 362
873 538
874 895
875 538
876 538
877 538
878 538
879 538
880 538
881 538
882 1112
883 538
884 1111
885 538
886 538
887 1106
888 109
889 538
890 182
891 54
892 538
893 109
894 592
895 538
896 7
897 538
898 670
899 1065
900 538
901 108
902 538
903 1696
904 1661
905 1596
906 1571
907 1490
908 290
909 1245
910 1213
911 1119
912 1095
913 538
914 538
915 538
916 1095
917 538
918 538
919 1080
920 1068
921 538
922 109
923 7
924 949
925 939
926 932
927 879
928 841
929 305
930 109
931 109
932 737
933 109
934 382
935 7
936 538
937 7
938 538
939 574
940 572
941 110
942 538
943 538
944 545
945 7
946 538
947 538
948 516
949 443
950 441
951 420
952 412
953 402
954 369
955 338
956 325
957 322
958 295
959 271
960 208
961 202
962 137
963 129
964 112
965 107
966 89
967 67
968 53
969 7
970 7
971 7
972 7
973 7
974 7
975 7
976 7
977 7
978 7
979 7
980 7
981 7
982 7
983 7
984 7
985 7
986 7
987 7
988 7
989 7
990 7
991 7
992 7
993 7
994 7
995 7
996 7
997 7
998 7
999 7
1000 7
1001 320
1002 109
1003 1162
1004 109
1005 1752
1006 1501
1007 1469
1008 1450
1009 1414
1010 109
1011 1394
1012 1395
1013 1396
1014 1397
1015 1398
1016 1387
1017 172
1018 184
1019 288
1020 292
1021 1347
1022 800
1023 1327
1024 1321
1025 1278
1026 640
1027 538
1028 583
1029 884
1030 1100
1031 109
1032 7
1033 538
1034 7
1035 7
1036 109
1037 7
1038 371
1039 1091
1040 882
1041 1089
1042 1048
1043 538
1044 538
1045 109
1046 528
1047 109
1048 538
1049 1036
1050 538
1051 538
1052 932
1053 907
1054 773
1055 1011
1056 109
1057 538
1058 109
1059 274
1060 109
1061 538
1062 486
1063 538
1064 903
1065 889
1066 7
1067 869
1068 864
1069 856
1070 852
1071 848
1072 109
1073 7
1074 7
1075 7
1076 109
1077 109
1078 733
1079 680
1080 109
1081 538
1082 538
1083 109
1084 538
1085 538
1086 538
1087 538
1088 538
1089 661
1090 538
1091 538
1092 7
1093 222
1094 155
1095 646
1096 613
1097 595
1098 577
1099 570
1100 538
1101 538
1102 538
1103 7
1104 7
1105 7
1106 7
1107 109
1108 7
1109 7
1110 518
1111 472
1112 109
1113 538
1114 538
1115 538
1116 1774
1117 1771
1118 1768
1119 1753
1120 1732
1121 1716
1122 1712
1123 1698
1124 1684
1125 1637
1126 1625
1127 1618
1128 1589
1129 1584
1130 1551
1131 1542
1132 1525
1133 1526
1134 1527
1135 1458
1136 538
1137 1393
1138 538
1139 1376
1140 623
1141 1342
1142 1312
1143 1313
1144 1267
1145 1256
1146 1215
1147 1235
1148 1176
1149 1171
1150 1161
1151 1152
1152 1149
1153 197
1154 391
1155 538
1156 109
1157 538
1158 7
1159 538
1160 538
1161 538
1162 1126
1163 538
1164 1123
1165 950
1166 538
1167 538
1168 538
1169 538
1170 538
1171 494
1172 125
1173 109
1174 538
1175 538
1176 832
1177 109
1178 794
1179 1077
1180 538
1181 538
1182 7
1183 821
1184 817
1185 816
1186 809
1187 810
1188 804
1189 799
1190 798
1191 789
1192 787
1193 776
1194 770
1195 517
1196 109
1197 538
1198 1514
1199 538
1200 1756
1201 1668
1202 1602
1203 1552
1204 1528
1205 1504
1206 1488
1207 1470
1208 312
1209 1426
1210 1415
1211 183
1212 178
1213 288
1214 179
1215 1344
1216 495
1217 553
1218 625
1219 1330
1220 1303
1221 1300
1222 1268
1223 1142
1224 538
1225 1116
1226 1115
1227 7
1228 7
1229 734
1230 1078
1231 1071
1232 538
1233 1051
1234 93
1235 109
1236 918
1237 538
1238 538
1239 538
1240 538
1241 516
1242 538
1243 538
1244 538
1245 796
1246 538
1247 538
1248 1010
1249 538
1250 1004
1251 190
1252 109
1253 7
1254 109
1255 538
1256 538
1257 417
1258 946
1259 937
1260 938
1261 934
1262 915
1263 905
1264 872
1265 7
1266 801
1267 538
1268 749
1269 109
1270 767
1271 109
1272 681
1273 7
1274 538
1275 7
1276 538
1277 668
1278 538
1279 222
1280 538
1281 7
1282 538
1283 606
1284 600
1285 538
1286 109
1287 109
1288 109
1289 109
1290 109
1291 531
1292 109
1293 532
1294 109
1295 109
1296 109
1297 538
1298 109
1299 109
1300 109
1301 7
1302 1782
1303 1249
1304 109
1305 538
1306 305
1307 538
1308 1766
1309 1746
1310 291
1311 422
1312 1704
1313 1700
1314 1669
1315 1653
1316 785
1317 1471
1318 1440
1319 1429
1320 174
1321 171
1322 167
1323 1399
1324 1400
1325 1384
1326 1350
1327 538
1328 1338
1329 1322
1330 1236
1331 1237
1332 1234
1333 1229
1334 1186
1335 7
1336 382
1337 594
1338 109
1339 188
1340 897
1341 886
1342 538
1343 126
1344 1136
1345 1131
1346 1117
1347 538
1348 538
1349 7
1350 538
1351 7
1352 538
1353 538
1354 793
1355 1045
1356 1049
1357 1072
1358 538
1359 1073
1360 527
1361 1015
1362 538
1363 538
1364 538
1365 538
1366 538
1367 109
1368 109
1369 109
1370 109
1371 7
1372 538
1373 7
1374 119
1375 538
1376 935
1377 916
1378 890
1379 873
1380 845
1381 838
1382 825
1383 824
1384 792
1385 784
1386 781
1387 7
1388 130
1389 109
1390 538
1391 538
1392 109
1393 768
1394 682
1395 538
1396 109
1397 1783
1398 7
1399 109
1400 65
1401 109
1402 213
1403 538
1404 1308
1405 109
1406 591
1407 109
1408 109
1409 1769
1410 1767
1411 1754
1412 1747
1413 289
1414 1705
1415 1699
1416 1670
1417 1650
1418 1619
1419 1553
1420 1529
1421 1441
1422 1502
1423 1472
1424 1473
1425 1459
1426 283
1427 621
1428 538
1429 643
1430 538
1431 7
1432 1144
1433 1333
1434 1275
1435 1269
1436 1254
1437 1238
1438 1239
1439 1240
1440 1192
1441 1187
1442 1182
1443 1177
1444 1146
1445 328
1446 538
1447 586
1448 538
1449 109
1450 1063
1451 126
1452 7
1453 1132
1454 590
1455 538
1456 7
1457 538
1458 109
1459 109
1460 7
1461 109
1462 538
1463 7
1464 538
1465 274
1466 486
1467 538
1468 538
1469 538
1470 538
1471 538
1472 538
1473 538
1474 1054
1475 538
1476 538
1477 7
1478 7
1479 109
1480 109
1481 538
1482 538
1483 7
1484 109
1485 109
1486 7
1487 956
1488 940
1489 936
1490 929
1491 924
1492 911
1493 902
1494 109
1495 1742
1496 1701
1497 1694
1498 1634
1499 1579
1500 1550
1501 1452
1502 619
1503 1442
1504 538
1505 168
1506 284
1507 1259
1508 1244
1509 538
1510 883
1511 538
1512 109
1513 538
1514 7
1515 109
1516 7
1517 538
1518 7
1519 538
1520 217
1521 1029
1522 1026
1523 108
1524 109
1525 538
1526 538
1527 538
1528 538
1529 309
1530 538
1531 538
1532 538
1533 387
1534 994
1535 538
1536 109
1537 109
1538 888
1539 867
1540 76
1541 109
1542 109
1543 109
1544 732
1545 725
1546 726
1547 723
1548 499
1549 717
1550 690
1551 538
1552 615
1553 562
1554 538
1555 538
1556 538
1557 483
1558 109
1559 7
1560 536
1561 109
1562 7
1563 109
1564 381
1565 109
1566 109
1567 109
1568 7
1569 109
1570 109
1571 7
1572 109
1573 480
1574 469
1575 468
1576 415
1577 384
1578 346
1579 315
1580 276
1581 252
1582 211
1583 109
1584 199
1585 195
1586 105
1587 93
1588 81
1589 76
1590 77
1591 63
1592 51
1593 48
1594 1729
1595 1723
1596 1464
1597 404
1598 714
1599 712
1600 707
1601 706
1602 571
1603 109
1604 109
1605 109
1606 109
1607 109
1608 109
1609 109
1610 109
1611 483
1612 484
1613 326
1614 255
1615 253
1616 233
1617 7
1618 7
1619 7
1620 7
1621 7
1622 7
1623 7
1624 7
1625 7
1626 7
1627 7
1628 7
1629 7
1630 7
1631 7
1632 7
1633 7
1634 7
1635 7
1636 7
1637 7
1638 7
1639 7
1640 7
1641 7
1642 7
1643 7
1644 7
1645 7
1646 7
1647 7
1648 7
1649 7
1650 7
1651 7
1652 7
1653 7
1654 7
1655 7
1656 7
1657 7
1658 7
1659 7
1660 7
1661 7
1662 7
1663 15
1664 7
1665 7
1666 7
1667 7
1668 7
1669 7
1670 7
1671 7
1672 7
1673 7
1674 7
1675 7
1676 7
1677 7
1678 7
1679 7
1680 7
1681 7
1682 1462
1683 1463
1684 1461
1685 1456
1686 1455
1687 973
1688 970
1689 971
1690 972
1691 711
1692 710
1693 709
1694 708
1695 7
1696 109
1697 520
1698 519
1699 109
1700 109
1701 109
1702 109
1703 251
1704 250
1705 249
1706 42
1707 41
1708 39
1709 35
1710 7
1711 7
1712 7
1713 7
1714 7
1715 7
1716 7
1717 7
1718 7
1719 7
1720 7
1721 7
1722 7
1723 7
1724 7
1725 7
1726 7
1727 7
1728 7
1729 7
1730 7
1731 7
1732 7
1733 7
1734 7
1735 7
1736 7
1737 7
1738 7
1739 7
1740 7
1741 7
1742 7
1743 7
1744 7
1745 7
1746 7
1747 7
1748 7
1749 7
1750 7
1751 7
1752 7
1753 7
1754 7
1755 7
1756 7
1757 7
1758 7
1759 7
1760 7
1761 7
1762 7
1763 7
1764 7
1765 7
1766 7
1767 7
1768 7
1769 7
1770 7
1771 7
1772 14
1773 7
1774 7
1775 7
1776 7
1777 7
1778 7
1779 7
1780 7
1781 7
1782 109
1783 538
1784 1567
1785 1336
1786 538
1787 109
1788 538
1789 109
1790 109
1791 109
1792 311
1793 1065
1794 109
1795 7
1796 7
1797 109
1798 109
1799 109
1800 1364
1801 1773
1802 1763
1803 1764
1804 1748
1805 286
1806 1741
1807 367
1808 1730
1809 1724
1810 109
1811 1689
1812 1671
1813 1672
1814 1644
1815 1645
1816 1646
1817 1620
1818 1621
1819 1613
1820 1578
1821 1497
1822 7
1823 110
1824 7
1825 1331
1826 1323
1827 1324
1828 1260
1829 1232
1830 1222
1831 1223
1832 360
1833 345
1834 598
1835 730
1836 538
1837 840
1838 7
1839 538
1840 109
1841 217
1842 109
1843 109
1844 109
1845 538
1846 538
1847 109
1848 1085
1849 538
1850 538
1851 1124
1852 7
1853 109
1854 109
1855 1109
1856 1118
1857 187
1858 7
1859 538
1860 538
1861 538
1862 538
1863 538
1864 1105
1865 605
1866 7
1867 984
1868 7
1869 109
1870 109
1871 538
1872 538
1873 820
1874 797
1875 1015
1876 538
1877 538
1878 538
1879 1062
1880 1060
1881 201
1882 390
1883 1612
1884 538
1885 1047
1886 7
1887 538
1888 1027
1889 309
1890 538
1891 538
1892 7
1893 538
1894 538
1895 1016
1896 538
1897 538
1898 538
1899 538
1900 538
1901 1001
1902 999
1903 998
1904 996
1905 7
1906 84
1907 990
1908 466
1909 914
1910 882
1911 777
1912 109
1913 515
1914 538
1915 109
1916 538
1917 109
1918 538
1919 109
1920 109
1921 109
1922 381
1923 535
1924 109
1925 7
1926 109
1927 109
1928 109
1929 7
1930 109
1931 7
1932 109
1933 109
1934 109
1935 109
1936 482
1937 479
1938 478
1939 372
1940 366
1941 343
1942 337
1943 261
1944 257
1945 256
1946 254
1947 246
1948 245
1949 85
1950 7
1951 45
1952 44
1953 43
1954 40
1955 7
1956 7
1957 7
1958 7
1959 7
1960 7
1961 7
1962 7
1963 7
1964 7
1965 7
1966 7
1967 7
1968 7
1969 7
1970 7
1971 7
1972 7
1973 7
1974 7
1975 7
1976 7
1977 7
1978 7
1979 7
1980 16
1981 7
1982 1736
1983 1734
1984 1103
1985 1102
1986 794
1987 109
1988 7
1989 538
1990 538
1991 505
1992 109
1993 323
1994 316
1995 7
1996 19
1997 7
1998 7
1999 7
2000 7
2001 7
2002 7
2003 7
2004 7
2005 7
2006 7
2007 7
2008 7
2009 7
2010 7
2011 7
2012 7
2013 7
2014 7
2015 7
2016 7
2017 7
2018 7
2019 7
2020 7
2021 7
2022 7
2023 7
2024 7
2025 7
2026 7
2027 7
2028 7
2029 7
2030 7
2031 7
2032 7
2033 7
2034 7
2035 7
2036 7
2037 7
2038 7
2039 7
2040 7
2041 7
2042 7
2043 7
2044 7
2045 7
2046 7
2047 7
2048 7
2049 7
2050 7
2051 7
2052 7
2053 8
2054 7
2055 7
2056 7
2057 7
2058 7
2059 7
2060 7
2061 7
2062 7
2063 7
2064 7
2065 7
2066 7
2067 7
2068 7
2069 7
2070 1760
2071 1757
2072 103
2073 538
2074 538
2075 851
2076 30
2077 538
2078 113
2079 538
2080 539
2081 7
2082 504
2083 314
2084 309
2085 59
2086 58
2087 55
2088 7
2089 7
2090 7
2091 7
2092 7
2093 7
2094 7
2095 7
2096 7
2097 7
2098 7
2099 7
2100 7
2101 7
2102 7
2103 7
2104 7
2105 7
2106 7
2107 7
2108 7
2109 7
2110 7
2111 7
2112 7
2113 7
2114 7
2115 7
2116 7
2117 7
2118 7
2119 7
2120 7
2121 7
2122 7
2123 7
2124 7
2125 7
2126 7
2127 12
2128 7
2129 11
2130 7
2131 7
2132 7
2133 7
2134 10
2135 7
2136 7
2137 7
2138 7
2139 7
2140 538
2141 1184
2142 7
2143 1743
2144 1623
2145 1702
2146 1703
2147 1691
2148 1505
2149 1474
2150 1457
2151 1401
2152 1402
2153 1276
2154 538
2155 788
2156 538
2157 109
2158 7
2159 7
2160 538
2161 109
2162 538
2163 1074
2164 538
2165 538
2166 1058
2167 538
2168 7
2169 1022
2170 538
2171 538
2172 538
2173 7
2174 986
2175 987
2176 352
2177 7
2178 917
2179 874
2180 830
2181 826
2182 811
2183 7
2184 109
2185 109
2186 109
2187 683
2188 684
2189 685
2190 678
2191 538
2192 676
2193 109
2194 7
2195 658
2196 561
2197 551
2198 538
2199 538
2200 109
2201 109
2202 109
2203 534
2204 7
2205 109
2206 109
2207 109
2208 452
2209 533
2210 109
2211 109
2212 109
2213 503
2214 109
2215 499
2216 473
2217 465
2218 463
2219 464
2220 456
2221 432
2222 431
2223 427
2224 424
2225 421
2226 416
2227 386
2228 380
2229 374
2230 350
2231 301
2232 293
2233 285
2234 266
2235 265
2236 223
2237 220
2238 221
2239 218
2240 538
2241 538
2242 7
2243 109
2244 1626
2245 1567
2246 1356
2247 1283
2248 417
2249 538
2250 882
2251 538
2252 755
2253 538
2254 1020
2255 1015
2256 190
2257 109
2258 949
2259 897
2260 834
2261 538
2262 749
2263 538
2264 591
2265 583
2266 7
2267 538
2268 109
2269 538
2270 538
2271 109
2272 109
2273 76
2274 109
2275 449
2276 417
2277 390
2278 339
2279 329
2280 305
2281 209
2282 196
2283 188
2284 140
2285 130
2286 113
2287 108
2288 30
2289 7
2290 7
2291 7
2292 7
2293 7
2294 7
2295 7
2296 7
2297 7
2298 538
2299 67
2300 1627
2301 1568
2302 1357
2303 1284
2304 538
2305 538
2306 538
2307 1033
2308 755
2309 783
2310 1021
2311 538
2312 1003
2313 538
2314 843
2315 898
2316 835
2317 109
2318 750
2319 7
2320 592
2321 584
2322 7
2323 538
2324 538
2325 109
2326 109
2327 515
2328 109
2329 109
2330 7
2331 450
2332 418
2333 391
2334 340
2335 330
2336 306
2337 210
2338 197
2339 189
2340 141
2341 131
2342 114
2343 109
2344 31
2345 7
2346 7
2347 7
2348 7
2349 7
2350 7
2351 7
2352 7
2353 7
2354 7
2355 7
2356 7
2357 7
2358 7
2359 7
2360 7
2361 7
2362 7
2363 7
2364 7
2365 7
2366 7
2367 7
2368 7
2369 7
2370 7
2371 7
2372 7
2373 7
2374 7
2375 7
2376 7
2377 7
2378 7
2379 7
2380 7
2381 7
2382 7
2383 16
2384 7
2385 7
2386 7
2387 7
2388 7
2389 7
2390 7
2391 7
2392 7
2393 7
2394 7
2395 7
2396 538
2397 538
2398 538
2399 1784
2400 7
2401 200
2402 109
2403 109
2404 109
2405 1181
2406 109
2407 109
2408 538
2409 331
2410 418
2411 109
2412 109
2413 1758
2414 1755
2415 1692
2416 1638
2417 1590
2418 1554
2419 1530
2420 1523
2421 1506
2422 1503
2423 1475
2424 1476
2425 177
2426 1430
2427 1416
2428 1403
2429 1404
2430 1405
2431 1406
2432 654
2433 538
2434 1113
2435 109
2436 1339
2437 1334
2438 1328
2439 1279
2440 1277
2441 1270
2442 1212
2443 1206
2444 1241
2445 1242
2446 1193
2447 1175
2448 538
2449 461
2450 1141
2451 538
2452 538
2453 1133
2454 109
2455 538
2456 920
2457 538
2458 7
2459 538
2460 538
2461 486
2462 538
2463 538
2464 832
2465 731
2466 1090
2467 1087
2468 538
2469 583
2470 538
2471 538
2472 538
2473 538
2474 538
2475 1052
2476 1047
2477 959
2478 7
2479 7
2480 957
2481 109
2482 7
2483 7
2484 336
2485 7
2486 295
2487 109
2488 538
2489 410
2490 109
2491 943
2492 941
2493 538
2494 893
2495 875
2496 538
2497 538
2498 1369
2499 399
2500 538
2501 109
2502 538
2503 1369
2504 7
2505 381
2506 109
2507 931
2508 109
2509 152
2510 7
2511 538
2512 538
2513 358
2514 109
2515 921
2516 341
2517 369
2518 7
2519 393
2520 538
2521 1780
2522 1772
2523 1759
2524 381
2525 1722
2526 1693
2527 1614
2528 7
2529 923
2530 538
2531 1437
2532 1417
2533 1407
2534 1408
2535 1409
2536 1410
2537 624
2538 803
2539 109
2540 109
2541 1317
2542 1318
2543 1310
2544 1306
2545 1292
2546 1280
2547 1264
2548 1257
2549 1255
2550 1243
2551 1233
2552 1220
2553 1172
2554 650
2555 1065
2556 109
2557 109
2558 1145
2559 538
2560 1127
2561 538
2562 109
2563 538
2564 1121
2565 538
2566 538
2567 62
2568 538
2569 538
2570 538
2571 1093
2572 538
2573 538
2574 1057
2575 538
2576 109
2577 109
2578 1056
2579 217
2580 538
2581 538
2582 538
2583 538
2584 538
2585 538
2586 538
2587 1053
2588 1042
2589 961
2590 7
2591 958
2592 86
2593 538
2594 7
2595 109
2596 1597
2597 7
2598 1285
2599 538
2600 7
2601 1000
2602 984
2603 538
2604 842
2605 188
2606 449
2607 7
2608 109
2609 538
2610 538
2611 524
2612 109
2613 514
2614 509
2615 109
2616 497
2617 7
2618 487
2619 296
2620 272
2621 118
2622 7
2623 7
2624 7
2625 7
2626 7
2627 7
2628 7
2629 7
2630 7
2631 7
2632 7
2633 7
2634 7
2635 7
2636 7
2637 7
2638 7
2639 7
2640 7
2641 7
2642 7
2643 7
2644 7
2645 7
2646 7
2647 7
2648 7
2649 7
2650 7
2651 7
2652 7
2653 7
2654 7
2655 7
2656 7
2657 7
2658 7
2659 7
2660 7
2661 7
2662 7
2663 7
2664 7
2665 7
2666 7
2667 7
2668 921
2669 908
2670 749
2671 109
2672 933
2673 109
2674 1567
2675 1431
2676 1346
2677 1247
2678 1230
2679 1185
2680 321
2681 538
2682 1135
2683 1122
2684 109
2685 1044
2686 538
2687 772
2688 538
2689 538
2690 1012
2691 1005
2692 109
2693 190
2694 7
2695 84
2696 109
2697 878
2698 538
2699 829
2700 828
2701 109
2702 109
2703 538
2704 665
2705 109
2706 538
2707 601
2708 582
2709 538
2710 538
2711 109
2712 7
2713 109
2714 483
2715 508
2716 109
2717 109
2718 7
2719 109
2720 109
2721 481
2722 466
2723 451
2724 438
2725 403
2726 387
2727 383
2728 375
2729 365
2730 352
2731 351
2732 219
2733 191
2734 190
2735 153
2736 150
2737 123
2738 121
2739 117
2740 101
2741 97
2742 84
2743 72
2744 60
2745 7
2746 7
2747 7
2748 7
2749 7
2750 7
2751 7
2752 7
2753 7
2754 7
2755 7
2756 7
2757 7
2758 7
2759 7
2760 7
2761 7
2762 7
2763 7
2764 7
2765 7
2766 7
2767 7
2768 538
2769 538
2770 109
2771 109
2772 1718
2773 1735
2774 1733
2775 1686
2776 1676
2777 1639
2778 1633
2779 1598
2780 1585
2781 1545
2782 1531
2783 1532
2784 1477
2785 1478
2786 1479
2787 1480
2788 7
2789 1391
2790 1392
2791 603
2792 538
2793 109
2794 1370
2795 1359
2796 104
2797 1351
2798 1311
2799 1263
2800 1178
2801 109
2802 771
2803 109
2804 538
2805 538
2806 773
2807 109
2808 538
2809 1109
2810 7
2811 7
2812 1092
2813 7
2814 944
2815 538
2816 124
2817 559
2818 664
2819 1067
2820 538
2821 538
2822 7
2823 7
2824 735
2825 538
2826 28
2827 538
2828 1034
2829 1035
2830 1031
2831 538
2832 109
2833 947
2834 927
2835 912
2836 906
2837 887
2838 876
2839 866
2840 862
2841 859
2842 847
2843 782
2844 783
2845 778
2846 771
2847 109
2848 109
2849 109
2850 538
2851 538
2852 189
2853 141
2854 7
2855 764
2856 765
2857 766
2858 762
2859 755
2860 756
2861 757
2862 742
2863 743
2864 744
2865 721
2866 109
2867 7
2868 109
2869 109
2870 109
2871 405
2872 1717
2873 1674
2874 1662
2875 1607
2876 109
2877 7
2878 109
2879 109
2880 761
2881 538
2882 312
2883 1365
2884 1366
2885 1355
2886 1354
2887 1265
2888 1198
2889 1190
2890 1150
2891 1044
2892 538
2893 538
2894 538
2895 538
2896 538
2897 524
2898 222
2899 1048
2900 538
2901 1044
2902 1045
2903 538
2904 1046
2905 1047
2906 7
2907 794
2908 7
2909 928
2910 945
2911 109
2912 538
2913 1041
2914 1039
2915 1037
2916 1036
2917 1032
2918 1028
2919 7
2920 7
2921 944
2922 538
2923 918
2924 793
2925 7
2926 109
2927 7
2928 592
2929 371
2930 734
2931 675
2932 538
2933 7
2934 538
2935 538
2936 7
2937 538
2938 109
2939 538
2940 663
2941 7
2942 657
2943 638
2944 602
2945 538
2946 7
2947 109
2948 109
2949 109
2950 527
2951 109
2952 528
2953 109
2954 526
2955 525
2956 109
2957 7
2958 109
2959 109
2960 109
2961 7
2962 510
2963 109
2964 109
2965 109
2966 93
2967 109
2968 538
2969 134
2970 109
2971 109
2972 1663
2973 1664
2974 1555
2975 1556
2976 109
2977 1143
2978 109
2979 1139
2980 1085
2981 159
2982 1353
2983 437
2984 440
2985 447
2986 1345
2987 1343
2988 560
2989 589
2990 637
2991 634
2992 1286
2993 1287
2994 1281
2995 1224
2996 1207
2997 1208
2998 538
2999 1116
3000 229
3001 538
3002 109
3003 538
3004 417
3005 362
3006 773
3007 538
3008 538
3009 109
3010 1075
3011 309
3012 109
3013 538
3014 76
3015 538
3016 538
3017 538
3018 109
3019 7
3020 527
3021 538
3022 773
3023 538
3024 54
3025 953
3026 950
3027 538
3028 819
3029 797
3030 109
3031 109
3032 109
3033 584
3034 109
3035 722
3036 7
3037 538
3038 7
3039 538
3040 538
3041 538
3042 7
3043 82
3044 538
3045 538
3046 538
3047 538
3048 538
3049 670
3050 538
3051 7
3052 664
3053 538
3054 660
3055 7
3056 7
3057 659
3058 590
3059 558
3060 559
3061 538
3062 538
3063 547
3064 538
3065 538
3066 540
3067 538
3068 538
3069 538
3070 538
3071 788
3072 538
3073 73
3074 109
3075 110
3076 538
3077 7
3078 109
3079 1179
3080 1572
3081 1718
3082 1677
3083 1675
3084 1665
3085 1636
3086 1608
3087 1601
3088 1586
3089 1544
3090 1388
3091 109
3092 538
3093 557
3094 622
3095 740
3096 1379
3097 1380
3098 728
3099 1381
3100 1382
3101 1378
3102 823
3103 109
3104 1271
3105 1266
3106 1196
3107 1231
3108 1191
3109 1151
3110 1140
3111 1129
3112 1130
3113 538
3114 538
3115 1101
3116 538
3117 538
3118 538
3119 538
3120 7
3121 538
3122 538
3123 7
3124 7
3125 538
3126 109
3127 538
3128 538
3129 1076
3130 538
3131 538
3132 538
3133 538
3134 109
3135 538
3136 1039
3137 109
3138 538
3139 538
3140 759
3141 7
3142 450
3143 7
3144 945
3145 928
3146 919
3147 892
3148 870
3149 538
3150 863
3151 858
3152 680
3153 794
3154 516
3155 554
3156 7
3157 7
3158 109
3159 450
3160 7
3161 109
3162 763
3163 759
3164 735
3165 731
3166 538
3167 538
3168 327
3169 109
3170 538
3171 417
3172 1713
3173 1685
3174 1587
3175 1533
3176 1534
3177 1363
3178 1329
3179 1307
3180 1302
3181 1288
3182 538
3183 1108
3184 7
3185 7
3186 109
3187 538
3188 1049
3189 538
3190 7
3191 7
3192 966
3193 964
3194 962
3195 109
3196 109
3197 925
3198 907
3199 849
3200 7
3201 109
3202 109
3203 109
3204 746
3205 745
3206 538
3207 7
3208 578
3209 565
3210 538
3211 552
3212 538
3213 16
3214 538
3215 109
3216 530
3217 7
3218 109
3219 7
3220 211
3221 109
3222 109
3223 109
3224 93
3225 7
3226 500
3227 109
3228 109
3229 109
3230 109
3231 109
3232 109
3233 498
3234 476
3235 442
3236 433
3237 410
3238 109
3239 395
3240 362
3241 347
3242 348
3243 336
3244 317
3245 304
3246 166
3247 157
3248 116
3249 94
3250 86
3251 78
3252 69
3253 56
3254 7
3255 7
3256 7
3257 7
3258 7
3259 7
3260 7
3261 7
3262 7
3263 7
3264 7
3265 7
3266 7
3267 7
3268 109
3269 215
3270 377
3271 7
3272 1731
3273 7
3274 965
3275 109
3276 832
3277 815
3278 7
3279 538
3280 538
3281 7
3282 629
3283 607
3284 564
3285 538
3286 538
3287 109
3288 7
3289 109
3290 109
3291 109
3292 501
3293 109
3294 109
3295 492
3296 490
3297 477
3298 474
3299 413
3300 373
3301 370
3302 349
3303 109
3304 294
3305 182
3306 145
3307 90
3308 91
3309 62
3310 57
3311 47
3312 38
3313 7
3314 7
3315 7
3316 7
3317 7
3318 7
3319 7
3320 7
3321 7
3322 7
3323 7
3324 7
3325 7
3326 7
3327 7
3328 7
3329 7
3330 7
3331 7
3332 7
3333 7
3334 7
3335 7
3336 7
3337 7
3338 7
3339 7
3340 7
3341 7
3342 7
3343 7
3344 7
3345 7
3346 7
3347 7
3348 7
3349 7
3350 7
3351 7
3352 7
3353 7
3354 7
3355 7
3356 7
3357 7
3358 7
3359 7
3360 7
3361 7
3362 7
3363 7
3364 7
3365 7
3366 7
3367 7
3368 538
3369 109
3370 109
3371 130
3372 109
3373 880
3374 7
3375 109
3376 641
3377 7
3378 109
3379 1065
3380 538
3381 7
3382 109
3383 1119
3384 538
3385 1770
3386 1725
3387 1681
3388 1673
3389 1666
3390 1640
3391 1632
3392 1615
3393 1611
3394 1600
3395 1557
3396 1558
3397 1548
3398 1535
3399 1522
3400 1507
3401 1481
3402 1482
3403 1483
3404 1484
3405 1485
3406 1486
3407 1487
3408 446
3409 444
3410 538
3411 538
3412 1332
3413 1325
3414 1289
3415 1282
3416 1246
3417 1225
3418 1210
3419 1209
3420 1194
3421 109
3422 1174
3423 1166
3424 114
3425 1147
3426 379
3427 834
3428 538
3429 538
3430 109
3431 538
3432 7
3433 538
3434 538
3435 538
3436 1110
3437 538
3438 7
3439 7
3440 538
3441 538
3442 16
3443 166
3444 1099
3445 1096
3446 7
3447 538
3448 906
3449 538
3450 7
3451 1088
3452 7
3453 1046
3454 1044
3455 538
3456 538
3457 538
3458 952
3459 951
3460 926
3461 920
3462 913
3463 877
3464 871
3465 846
3466 820
3467 805
3468 538
3469 7
3470 382
3471 538
3472 109
3473 538
3474 74
3475 135
3476 109
3477 7
3478 109
3479 298
3480 1765
3481 587
3482 1726
3483 1690
3484 1687
3485 1682
3486 1635
3487 1629
3488 1588
3489 1566
3490 1561
3491 1559
3492 1560
3493 1549
3494 1536
3495 1537
3496 1538
3497 1515
3498 1453
3499 1432
3500 1385
3501 1386
3502 608
3503 610
3504 1377
3505 538
3506 1326
3507 1319
3508 1293
3509 1258
3510 1248
3511 1227
3512 583
3513 109
3514 126
3515 538
3516 819
3517 538
3518 538
3519 538
3520 1104
3521 538
3522 1101
3523 1100
3524 109
3525 538
3526 538
3527 538
3528 918
3529 1085
3530 1086
3531 1081
3532 590
3533 1063
3534 7
3535 1040
3536 7
3537 538
3538 109
3539 538
3540 538
3541 7
3542 538
3543 7
3544 527
3545 538
3546 7
3547 140
3548 904
3549 896
3550 891
3551 883
3552 884
3553 865
3554 860
3555 827
3556 813
3557 812
3558 790
3559 788
3560 780
3561 772
3562 109
3563 109
3564 109
3565 109
3566 109
3567 109
3568 1520
3569 538
3570 705
3571 538
3572 109
3573 222
3574 109
3575 7
3576 538
3577 538
3578 30
3579 137
3580 327
3581 749
3582 1641
3583 1628
3584 1572
3585 1520
3586 1314
3587 1308
3588 1298
3589 1249
3590 1184
3591 1179
3592 1162
3593 393
3594 894
3595 538
3596 920
3597 538
3598 538
3599 538
3600 538
3601 538
3602 538
3603 960
3604 538
3605 538
3606 921
3607 908
3608 899
3609 885
3610 880
3611 843
3612 839
3613 836
3614 109
3615 109
3616 140
3617 417
3618 591
3619 7
3620 306
3621 418
3622 538
3623 538
3624 538
3625 538
3626 7
3627 222
3628 538
3629 538
3630 538
3631 647
3632 641
3633 596
3634 593
3635 585
3636 567
3637 7
3638 7
3639 555
3640 538
3641 538
3642 538
3643 544
3644 543
3645 541
3646 538
3647 460
3648 452
3649 425
3650 408
3651 405
3652 399
3653 392
3654 381
3655 377
3656 358
3657 344
3658 341
3659 331
3660 327
3661 320
3662 311
3663 307
3664 302
3665 298
3666 180
3667 173
3668 538
3669 538
3670 538
3671 7
3672 1688
3673 1591
3674 1524
3675 1521
3676 1519
3677 1512
3678 1508
3679 1492
3680 177
3681 109
3682 538
3683 1097
3684 538
3685 1069
3686 538
3687 1028
3688 7
3689 538
3690 7
3691 390
3692 538
3693 109
3694 131
3695 109
3696 720
3697 381
3698 7
3699 655
3700 648
3701 639
3702 630
3703 612
3704 580
3705 581
3706 538
3707 548
3708 538
3709 109
3710 522
3711 109
3712 109
3713 109
3714 109
3715 523
3716 419
3717 407
3718 363
3719 361
3720 334
3721 299
3722 109
3723 269
3724 267
3725 238
3726 237
3727 205
3728 206
3729 207
3730 99
3731 98
3732 96
3733 70
3734 27
3735 26
3736 23
3737 7
3738 7
3739 7
3740 7
3741 7
3742 7
3743 7
3744 7
3745 7
3746 7
3747 7
3748 7
3749 7
3750 7
3751 7
3752 7
3753 7
3754 18
3755 7
3756 7
3757 7
3758 17
3759 7
3760 7
3761 7
3762 7
3763 7
3764 7
3765 7
3766 7
3767 7
3768 7
3769 7
3770 13
3771 7
3772 7
3773 7
3774 7
3775 7
3776 7
3777 7
3778 7
3779 7
3780 7
3781 7
3782 7
3783 7
3784 7
3785 7
3786 7
3787 7
3788 7
3789 7
3790 1214
3791 1211
3792 1205
3793 1197
3794 1195
3795 1019
3796 1018
3797 1017
3798 538
3799 538
3800 579
3801 109
3802 109
3803 278
3804 277
3805 275
3806 7
3807 7
3808 7
3809 7
3810 7
3811 7
3812 7
3813 7
3814 7
3815 7
3816 7
3817 7
3818 7
3819 7
3820 7
3821 7
3822 7
3823 7
3824 7
3825 7
3826 7
3827 7
3828 7
3829 7
3830 7
3831 7
3832 1094
3833 951
3834 538
3835 991
3836 109
3837 109
3838 7
3839 7
3840 7
3841 7
3842 7
3843 7
3844 7
3845 7
3846 7
3847 7
3848 7
3849 7
3850 7
3851 7
3852 7
3853 7
3854 7
3855 7
3856 7
3857 108
3858 538
3859 851
3860 7
3861 538
3862 1606
3863 538
3864 538
3865 538
3866 483
3867 538
3868 302
3869 377
3870 7
3871 7
3872 274
3873 7
3874 311
3875 460
3876 1744
3877 1580
3878 1657
3879 1654
3880 312
3881 538
3882 538
3883 538
3884 109
3885 109
3886 109
3887 1143
3888 538
3889 7
3890 538
3891 538
3892 7
3893 802
3894 785
3895 109
3896 7
3897 109
3898 7
3899 110
3900 109
3901 109
3902 7
3903 652
3904 645
3905 642
3906 635
3907 632
3908 626
3909 624
3910 622
3911 620
3912 610
3913 608
3914 603
3915 588
3916 587
3917 538
3918 557
3919 109
3920 538
3921 538
3922 381
3923 109
3924 458
3925 455
3926 454
3927 453
3928 448
3929 446
3930 444
3931 439
3932 436
3933 434
3934 428
3935 422
3936 367
3937 291
3938 289
3939 286
3940 283
3941 109
3942 185
3943 183
3944 178
3945 174
3946 171
3947 167
3948 165
3949 164
3950 163
3951 162
3952 160
3953 158
3954 111
3955 106
3956 103
3957 538
3958 538
3959 538
3960 538
3961 538
3962 7
3963 307
3964 425
3965 1706
3966 1658
3967 1655
3968 1642
3969 1622
3970 1494
3971 7
3972 1447
3973 305
3974 538
3975 923
3976 538
3977 109
3978 109
3979 538
3980 176
3981 918
3982 7
3983 591
3984 538
3985 538
3986 920
3987 7
3988 7
3989 538
3990 538
3991 660
3992 1059
3993 538
3994 538
3995 538
3996 109
3997 309
3998 822
3999 109
4000 32
4001 109
4002 538
4003 760
4004 739
4005 738
4006 736
4007 727
4008 716
4009 693
4010 653
4011 636
4012 633
4013 538
4014 625
4015 623
4016 621
4017 619
4018 611
4019 609
4020 604
4021 560
4022 538
4023 553
4024 497
4025 538
4026 109
4027 109
4028 109
4029 495
4030 109
4031 7
4032 77
4033 109
4034 109
4035 109
4036 507
4037 109
4038 447
4039 445
4040 440
4041 437
4042 435
4043 388
4044 287
4045 284
4046 281
4047 279
4048 259
4049 248
4050 243
4051 186
4052 184
4053 179
4054 175
4055 172
4056 168
4057 538
4058 538
4059 538
4060 831
4061 538
4062 538
4063 538
4064 1361
4065 538
4066 538
4067 109
4068 538
4069 1514
4070 538
4071 538
4072 538
4073 273
4074 358
4075 7
4076 538
4077 7
4078 527
4079 109
4080 109
4081 306
4082 295
4083 392
4084 538
4085 109
4086 1745
4087 1707
4088 1659
4089 1656
4090 1643
4091 1623
4092 1580
4093 1495
4094 1468
4095 1448
4096 1215
4097 1212
4098 1206
4099 1198
4100 1196
4101 1146
4102 303
4103 109
4104 7
4105 909
4106 7
4107 538
4108 109
4109 109
4110 109
4111 109
4112 836
4113 109
4114 1144
4115 109
4116 1139
4117 1085
4118 538
4119 1113
4120 800
4121 538
4122 109
4123 808
4124 538
4125 1082
4126 538
4127 538
4128 823
4129 803
4130 786
4131 769
4132 109
4133 7
4134 7
4135 339
4136 538
4137 109
4138 7
4139 7
4140 114
4141 109
4142 109
4143 761
4144 740
4145 728
4146 7
4147 538
4148 656
4149 654
4150 649
4151 643
4152 640
4153 637
4154 634
4155 631
4156 627
4157 109
4158 538
4159 538
4160 673
4161 7
4162 109
4163 109
4164 353
4165 203
4166 204
4167 88
4168 7
4169 7
4170 7
4171 16
4172 7
4173 7
4174 7
4175 7
4176 7
4177 7
4178 7
4179 7
4180 7
4181 7
4182 7
4183 7
4184 7
4185 7
4186 7
4187 7
4188 7
4189 7
4190 7
4191 7
4192 7
4193 7
4194 7
4195 7
4196 7
4197 7
4198 7
4199 7
4200 7
4201 7
4202 7
4203 7
4204 7
4205 7
4206 7
4207 7
4208 7
4209 7
4210 7
4211 6
4212 5
4213 7
4214 7
4215 7
4216 7
4217 7
4218 7
4219 7
4220 7
4221 7
4222 7
4223 7
4224 109
4225 109
4226 785
4227 1441
4228 1349
4229 109
4230 538
4231 1030
4232 109
4233 1006
4234 84
4235 190
4236 701
4237 109
4238 109
4239 489
4240 109
4241 33
4242 7
4243 7
4244 7
4245 7
4246 7
4247 7
4248 7
4249 7
4250 7
4251 7
4252 7
4253 7
4254 7
4255 7
4256 7
4257 7
4258 7
4259 7
4260 7
4261 7
4262 7
4263 7
4264 7
4265 7
4266 7
4267 7
4268 7
4269 7
4270 7
4271 7
4272 7
4273 7
4274 7
4275 7
4276 7
4277 7
4278 7
4279 7
4280 7
4281 7
4282 538
4283 1015
4284 538
4285 992
4286 695
4287 538
4288 512
4289 109
4290 109
4291 109
4292 400
4293 396
4294 397
4295 398
4296 335
4297 156
4298 149
4299 146
4300 147
4301 52
4302 7
4303 7
4304 7
4305 7
4306 7
4307 7
4308 7
4309 7
4310 7
4311 7
4312 7
4313 7
4314 7
4315 7
4316 7
4317 7
4318 7
4319 7
4320 7
4321 7
4322 7
4323 7
4324 7
4325 7
4326 7
4327 7
4328 7
4329 7
4330 7
4331 7
4332 7
4333 7
4334 7
4335 7
4336 7
4337 7
4338 7
4339 7
4340 7
4341 7
4342 7
4343 7
4344 7
4345 7
4346 7
4347 7
4348 7
4349 7
4350 7
4351 7
4352 1419
4353 109
4354 989
4355 976
4356 713
4357 7
4358 109
4359 488
4360 198
4361 36
4362 7
4363 7
4364 7
4365 7
4366 7
4367 7
4368 7
4369 7
4370 7
4371 7
4372 7
4373 7
4374 7
4375 7
4376 7
4377 7
4378 7
4379 7
4380 7
4381 7
4382 7
4383 7
4384 7
4385 7
4386 7
4387 7
4388 7
4389 7
4390 7
4391 7
4392 7
4393 7
4394 7
4395 7
4396 7
4397 538
4398 7
4399 7
4400 7
4401 7
4402 7
4403 7
4404 7
4405 7
4406 7
4407 9
4408 7
4409 979
4410 7
4411 7
4412 7
4413 7
4414 7
4415 7
4416 7
4417 4
4418 3
4419 2
4420 1
4421 538
4422 214
4423 344
4424 109
4425 214
4426 109
4427 1624
4428 1581
4429 1493
4430 1460
4431 1449
4432 109
4433 635
4434 802
4435 1083
4436 7
4437 109
4438 538
4439 538
4440 1083
4441 1070
4442 1066
4443 1064
4444 538
4445 538
4446 538
4447 109
4448 538
4449 748
4450 747
4451 741
4452 109
4453 724
4454 682
4455 719
4456 718
4457 715
4458 704
4459 589
4460 538
4461 109
4462 109
4463 109
4464 211
4465 109
4466 109
4467 109
4468 109
4469 109
4470 109
4471 109
4472 429
4473 423
4474 368
4475 292
4476 290
4477 288
4478 247
4479 109
4480 244
4481 239
4482 236
4483 235
4484 234
4485 231
4486 230
4487 228
4488 161
4489 159
4490 104
4491 100
4492 95
4493 50
4494 46
4495 37
4496 34
4497 24
4498 22
4499 7
4500 7
4501 7
4502 7
4503 7
4504 7
4505 7
4506 7
4507 7
4508 7
4509 7
4510 7
4511 7
4512 7
4513 7
4514 7
4515 7
4516 7
4517 7
4518 7
4519 7
4520 7
4521 399
4522 538
4523 109
4524 538
4525 408
4526 109
4527 109
4528 109
4529 7
4530 7
4531 109
4532 1697
4533 1667
4534 1616
4535 1573
4536 1569
4537 1364
4538 1315
4539 1290
4540 1228
4541 1204
4542 1180
4543 1163
4544 382
4545 1142
4546 538
4547 229
4548 217
4549 1065
4550 538
4551 538
4552 1028
4553 538
4554 109
4555 7
4556 861
4557 853
4558 844
4559 814
4560 583
4561 7
4562 209
4563 583
4564 391
4565 109
4566 751
4567 702
4568 55
4569 538
4570 538
4571 538
4572 650
4573 594
4574 586
4575 7
4576 538
4577 382
4578 538
4579 538
4580 7
4581 7
4582 109
4583 521
4584 109
4585 461
4586 426
4587 393
4588 371
4589 342
4590 332
4591 328
4592 324
4593 321
4594 312
4595 308
4596 297
4597 181
4598 177
4599 109
4600 143
4601 142
4602 139
4603 138
4604 136
4605 132
4606 115
4607 110
4608 83
4609 68
4610 32
4611 21
4612 7
4613 7
4614 7
4615 7
4616 7
4617 7
4618 7
4619 7
4620 7
4621 538
4622 538
4623 538
4624 1711
4625 1491
4626 1467
4627 1466
4628 1465
4629 439
4630 281
4631 1250
4632 538
4633 109
4634 538
4635 538
4636 538
4637 109
4638 109
4639 993
4640 538
4641 931
4642 922
4643 854
4644 109
4645 109
4646 7
4647 210
4648 538
4649 729
4650 538
4651 538
4652 674
4653 538
4654 7
4655 616
4656 538
4657 217
4658 109
4659 538
4660 7
4661 109
4662 109
4663 109
4664 109
4665 109
4666 517
4667 471
4668 470
4669 414
4670 378
4671 359
4672 313
4673 273
4674 262
4675 260
4676 214
4677 212
4678 109
4679 134
4680 79
4681 73
4682 64
4683 61
4684 7
4685 7
4686 7
4687 7
4688 7
4689 7
4690 7
4691 20
4692 7
4693 7
4694 7
4695 7
4696 7
4697 7
4698 7
4699 7
4700 7
4701 7
4702 7
4703 7
4704 7
4705 7
4706 7
4707 7
4708 7
4709 7
4710 7
4711 7
4712 7
4713 7
4714 7
4715 7
4716 7
4717 7
4718 7
4719 7
4720 7
4721 109
4722 538
4723 209
4724 977
4725 109
4726 644
4727 597
4728 518
4729 109
4730 394
4731 151
4732 7
4733 7
4734 7
4735 7
4736 7
4737 7
4738 7
4739 7
4740 7
4741 7
4742 7
4743 7
4744 7
4745 7
4746 7
4747 7
4748 7
4749 7
4750 7
4751 7
4752 7
4753 7
4754 7
4755 7
4756 7
4757 7
4758 7
4759 7
4760 7
4761 7
4762 7
4763 7
4764 7
4765 7
4766 7
4767 7
4768 7
4769 7
4770 1084
4771 108
4772 538
4773 109
4774 109
4775 7
4776 538
4777 322
4778 647
4779 109
4780 1779
4781 1737
4782 1660
4783 1570
4784 1451
4785 1299
4786 1251
4787 1188
4788 538
4789 109
4790 538
4791 1065
4792 538
4793 538
4794 7
4795 538
4796 538
4797 7
4798 933
4799 923
4800 909
4801 900
4802 886
4803 881
4804 840
4805 837
4806 774
4807 109
4808 109
4809 197
4810 109
4811 109
4812 752
4813 730
4814 538
4815 7
4816 538
4817 7
4818 7
4819 7
4820 651
4821 605
4822 598
4823 568
4824 109
4825 538
4826 538
4827 538
4828 538
4829 109
4830 538
4831 187
4832 109
4833 109
4834 472
4835 459
4836 430
4837 409
4838 406
4839 401
4840 385
4841 382
4842 379
4843 360
4844 345
4845 310
4846 303
4847 274
4848 215
4849 213
4850 170
4851 152
4852 148
4853 144
4854 135
4855 133
4856 126
4857 119
4858 102
4859 87
4860 82
4861 80
4862 74
4863 66
4864 65
4865 54
4866 28
4867 7
4868 7
4869 2173
4870 2175
4871 538
4872 2166
4873 2160
4874 1993
4875 2155
4876 538
4877 2146
4878 2139
4879 109
4880 538
4881 2129
4882 2124
4883 2117
4884 538
4885 609
4886 1080
4887 7
4888 483
4889 126
4890 538
4891 2109
4892 405
4893 538
4894 538
4895 538
4896 7
4897 538
4898 2096
4899 538
4900 538
4901 1991
4902 538
4903 109
4904 538
4905 109
4906 1794
4907 538
4908 1850
4909 538
4910 538
4911 109
4912 538
4913 7
4914 7
4915 2063
4916 2060
4917 2050
4918 2042
4919 1870
4920 2032
4921 538
4922 1994
4923 538
4924 1973
4925 1964
4926 1930
4927 1921
4928 1916
4929 1909
4930 1249
4931 1898
4932 1894
4933 1892
4934 1885
4935 1866
4936 1860
4937 538
4938 1802
4939 538
4940 538
4941 538
4942 1786
4943 538
4944 538
4945 538
4946 538
4947 538
4948 538
4949 538
4950 538
4951 538
4952 538
4953 109
4954 7
4955 109
4956 538
4957 1195
4958 538
4959 538
4960 538
4961 538
4962 538
4963 879
4964 109
4965 109
4966 1786
4967 1516
4968 538
4969 538
4970 2156
4971 2149
4972 2145
4973 2130
4974 2131
4975 2128
4976 2125
4977 2007
4978 7
4979 109
4980 109
4981 109
4982 538
4983 109
4984 1846
4985 538
4986 2093
4987 538
4988 2092
4989 538
4990 538
4991 538
4992 2005
4993 250
4994 538
4995 538
4996 2082
4997 7
4998 7
4999 2074
5000 2075
5001 2069
5002 109
5003 538
5004 109
5005 538
5006 538
5007 538
5008 538
5009 538
5010 1369
5011 212
5012 109
5013 545
5014 538
5015 2106
5016 2099
5017 2135
5018 109
5019 348
5020 1990
5021 1987
5022 2020
5023 1989
5024 1922
5025 897
5026 1888
5027 1861
5028 1814
5029 1795
5030 109
5031 1181
5032 538
5033 7
5034 538
5035 483
5036 7
5037 538
5038 538
5039 538
5040 538
5041 108
5042 538
5043 538
5044 109
5045 109
5046 382
5047 538
5048 538
5049 538
5050 109
5051 538
5052 538
5053 109
5054 2157
5055 538
5056 109
5057 1731
5058 538
5059 483
5060 2076
5061 2062
5062 2043
5063 2036
5064 1995
5065 1983
5066 1917
5067 1893
5068 1889
5069 1867
5070 176
5071 1832
5072 538
5073 538
5074 538
5075 428
5076 538
5077 538
5078 538
5079 538
5080 538
5081 538
5082 538
5083 538
5084 538
5085 538
5086 7
5087 538
5088 64
5089 567
5090 749
5091 538
5092 109
5093 7
5094 1901
5095 538
5096 1976
5097 1514
5098 1298
5099 584
5100 517
5101 109
5102 834
5103 538
5104 7
5105 538
5106 1792
5107 538
5108 538
5109 538
5110 1790
5111 7
5112 7
5113 7
5114 538
5115 696
5116 538
5117 538
5118 538
5119 834
5120 894
5121 538
5122 7
5123 2161
5124 2126
5125 538
5126 538
5127 538
5128 1817
5129 109
5130 538
5131 1934
5132 1843
5133 1923
5134 1910
5135 1823
5136 1818
5137 1796
5138 1454
5139 538
5140 1195
5141 1369
5142 7
5143 109
5144 7
5145 538
5146 212
5147 538
5148 538
5149 538
5150 7
5151 538
5152 538
5153 538
5154 1787
5155 538
5156 538
5157 7
5158 538
5159 538
5160 538
5161 7
5162 109
5163 2100
5164 109
5165 1992
5166 538
5167 538
5168 1936
5169 1931
5170 538
5171 1926
5172 897
5173 1859
5174 1836
5175 538
5176 538
5177 109
5178 538
5179 538
5180 538
5181 609
5182 538
5183 538
5184 538
5185 7
5186 538
5187 538
5188 705
5189 538
5190 538
5191 609
5192 960
5193 109
5194 822
5195 2176
5196 2110
5197 2004
5198 7
5199 538
5200 1927
5201 1911
5202 534
5203 879
5204 598
5205 7
5206 538
5207 538
5208 538
5209 538
5210 538
5211 538
5212 538
5213 7
5214 538
5215 538
5216 1195
5217 109
5218 1181
5219 538
5220 109
5221 109
5222 538
5223 7
5224 1617
5225 2087
5226 2167
5227 2168
5228 2162
5229 2158
5230 2159
5231 2147
5232 538
5233 2132
5234 2127
5235 7
5236 2059
5237 1843
5238 538
5239 2023
5240 2103
5241 538
5242 538
5243 109
5244 538
5245 538
5246 538
5247 1986
5248 538
5249 538
5250 1800
5251 109
5252 2077
5253 2073
5254 2051
5255 2002
5256 538
5257 538
5258 1977
5259 1965
5260 1963
5261 995
5262 1951
5263 1937
5264 1935
5265 538
5266 1903
5267 1924
5268 1912
5269 1906
5270 109
5271 1899
5272 1824
5273 538
5274 1516
5275 109
5276 538
5277 109
5278 538
5279 538
5280 788
5281 538
5282 538
5283 538
5284 538
5285 538
5286 538
5287 538
5288 538
5289 109
5290 109
5291 1188
5292 382
5293 151
5294 405
5295 109
5296 7
5297 1520
5298 7
5299 538
5300 1652
5301 7
5302 109
5303 7
5304 109
5305 109
5306 538
5307 538
5308 2095
5309 2136
5310 2137
5311 2134
5312 2118
5313 2119
5314 538
5315 440
5316 2080
5317 2107
5318 538
5319 2081
5320 1370
5321 2102
5322 2094
5323 1847
5324 1986
5325 1586
5326 538
5327 538
5328 2089
5329 2079
5330 2070
5331 2064
5332 2061
5333 2044
5334 2021
5335 2012
5336 1998
5337 1996
5338 1992
5339 1984
5340 1971
5341 538
5342 1952
5343 1950
5344 1932
5345 109
5346 1919
5347 1918
5348 1913
5349 1895
5350 1890
5351 1891
5352 1862
5353 1857
5354 1816
5355 1815
5356 1813
5357 1803
5358 7
5359 538
5360 538
5361 831
5362 538
5363 109
5364 538
5365 538
5366 109
5367 538
5368 538
5369 538
5370 538
5371 538
5372 1635
5373 538
5374 1635
5375 538
5376 538
5377 538
5378 538
5379 538
5380 543
5381 596
5382 306
5383 109
5384 839
5385 897
5386 538
5387 109
5388 538
5389 538
5390 538
5391 1840
5392 1369
5393 538
5394 538
5395 538
5396 538
5397 109
5398 2111
5399 2098
5400 2057
5401 1872
5402 7
5403 1955
5404 1954
5405 1089
5406 538
5407 538
5408 538
5409 538
5410 399
5411 2165
5412 2163
5413 2150
5414 2120
5415 2004
5416 2041
5417 2078
5418 1992
5419 2017
5420 2011
5421 2009
5422 2006
5423 7
5424 348
5425 1868
5426 1869
5427 1870
5428 1871
5429 1872
5430 1873
5431 109
5432 1841
5433 1811
5434 538
5435 538
5436 73
5437 109
5438 109
5439 538
5440 538
5441 516
5442 538
5443 538
5444 538
5445 176
5446 538
5447 598
5448 180
5449 2141
5450 2140
5451 2121
5452 2122
5453 538
5454 483
5455 538
5456 538
5457 538
5458 1876
5459 538
5460 538
5461 109
5462 1291
5463 2083
5464 538
5465 2067
5466 538
5467 2034
5468 2029
5469 7
5470 109
5471 1791
5472 538
5473 1967
5474 538
5475 538
5476 538
5477 538
5478 538
5479 585
5480 109
5481 1577
5482 897
5483 538
5484 538
5485 118
5486 538
5487 538
5488 538
5489 885
5490 538
5491 2184
5492 109
5493 538
5494 109
5495 2038
5496 109
5497 2179
5498 2116
5499 2112
5500 2084
5501 109
5502 109
5503 2030
5504 973
5505 538
5506 1791
5507 538
5508 1195
5509 1915
5510 1896
5511 1897
5512 1883
5513 1874
5514 1875
5515 1808
5516 538
5517 538
5518 538
5519 585
5520 1511
5521 538
5522 538
5523 1369
5524 538
5525 538
5526 705
5527 538
5528 538
5529 348
5530 538
5531 538
5532 109
5533 471
5534 109
5535 1298
5536 7
5537 7
5538 1137
5539 538
5540 538
5541 2151
5542 2152
5543 2148
5544 2133
5545 2022
5546 538
5547 1817
5548 538
5549 7
5550 1547
5551 538
5552 538
5553 538
5554 109
5555 538
5556 2090
5557 538
5558 2068
5559 2054
5560 2024
5561 1902
5562 7
5563 538
5564 1960
5565 1902
5566 1865
5567 1842
5568 109
5569 538
5570 538
5571 995
5572 897
5573 109
5574 538
5575 538
5576 538
5577 1249
5578 109
5579 538
5580 538
5581 1487
5582 1195
5583 538
5584 538
5585 538
5586 538
5587 7
5588 538
5589 109
5590 538
5591 538
5592 538
5593 861
5594 538
5595 538
5596 538
5597 538
5598 538
5599 7
5600 538
5601 538
5602 538
5603 538
5604 1727
5605 109
5606 538
5607 538
5608 538
5609 538
5610 538
5611 609
5612 109
5613 584
5614 7
5615 897
5616 1788
5617 897
5618 1514
5619 538
5620 538
5621 1660
5622 109
5623 538
5624 1454
5625 1900
5626 2028
5627 2046
5628 109
5629 1981
5630 538
5631 1962
5632 1956
5633 538
5634 1944
5635 109
5636 538
5637 538
5638 538
5639 538
5640 109
5641 109
5642 7
5643 985
5644 538
5645 538
5646 538
5647 538
5648 1939
5649 109
5650 538
5651 7
5652 7
5653 538
5654 495
5655 538
5656 588
5657 1810
5658 1809
5659 1807
5660 1800
5661 1801
5662 1799
5663 1797
5664 495
5665 538
5666 538
5667 1791
5668 538
5669 2097
5670 2095
5671 1975
5672 109
5673 109
5674 538
5675 7
5676 2072
5677 2053
5678 2026
5679 2019
5680 2013
5681 1949
5682 1948
5683 1942
5684 538
5685 538
5686 109
5687 7
5688 538
5689 109
5690 696
5691 538
5692 538
5693 109
5694 1595
5695 1953
5696 2003
5697 538
5698 1793
5699 538
5700 1137
5701 538
5702 538
5703 109
5704 538
5705 2008
5706 1978
5707 1979
5708 538
5709 170
5710 1903
5711 1876
5712 1877
5713 1878
5714 538
5715 1879
5716 1880
5717 538
5718 538
5719 109
5720 7
5721 538
5722 538
5723 538
5724 109
5725 109
5726 538
5727 2037
5728 1791
5729 1800
5730 1805
5731 538
5732 109
5733 538
5734 538
5735 538
5736 897
5737 2087
5738 2100
5739 538
5740 2186
5741 311
5742 2190
5743 2188
5744 538
5745 7
5746 7
5747 2143
5748 109
5749 538
5750 1636
5751 538
5752 2055
5753 538
5754 1089
5755 1871
5756 538
5757 538
5758 538
5759 973
5760 1884
5761 1871
5762 1881
5763 1882
5764 538
5765 1843
5766 538
5767 1595
5768 692
5769 538
5770 538
5771 109
5772 2176
5773 538
5774 538
5775 538
5776 538
5777 7
5778 1800
5779 538
5780 538
5781 1195
5782 2180
5783 2099
5784 538
5785 2144
5786 538
5787 309
5788 2113
5789 538
5790 2040
5791 894
5792 538
5793 538
5794 538
5795 525
5796 2052
5797 538
5798 538
5799 1727
5800 1914
5801 109
5802 1904
5803 1905
5804 538
5805 538
5806 538
5807 538
5808 7
5809 538
5810 2058
5811 2007
5812 538
5813 109
5814 538
5815 538
5816 538
5817 2027
5818 2091
5819 109
5820 2071
5821 538
5822 1804
5823 879
5824 538
5825 538
5826 538
5827 538
5828 7
5829 538
5830 538
5831 483
5832 7
5833 538
5834 538
5835 538
5836 538
5837 538
5838 585
5839 538
5840 538
5841 538
5842 2193
5843 538
5844 538
5845 538
5846 538
5847 7
5848 538
5849 538
5850 2085
5851 2031
5852 538
5853 2010
5854 1999
5855 1968
5856 1966
5857 1961
5858 109
5859 538
5860 538
5861 109
5862 1773
5863 538
5864 538
5865 538
5866 1900
5867 1863
5868 1864
5869 538
5870 538
5871 1599
5872 538
5873 538
5874 2078
5875 2027
5876 109
5877 1847
5878 1848
5879 1849
5880 1846
5881 1837
5882 1838
5883 1833
5884 1834
5885 538
5886 538
5887 1794
5888 538
5889 538
5890 7
5891 538
5892 538
5893 538
5894 538
5895 538
5896 538
5897 109
5898 538
5899 538
5900 538
5901 1195
5902 538
5903 538
5904 2153
5905 2114
5906 538
5907 538
5908 538
5909 2048
5910 2004
5911 2000
5912 1993
5913 1969
5914 1959
5915 1901
5916 1855
5917 1839
5918 1831
5919 1825
5920 320
5921 1822
5922 109
5923 538
5924 1821
5925 584
5926 1820
5927 1819
5928 1817
5929 1806
5930 538
5931 109
5932 2154
5933 538
5934 109
5935 538
5936 538
5937 2086
5938 2079
5939 2047
5940 1876
5941 2033
5942 2028
5943 109
5944 1990
5945 1991
5946 1986
5947 1987
5948 1988
5949 1974
5950 1975
5951 1972
5952 109
5953 538
5954 1853
5955 1850
5956 1851
5957 538
5958 538
5959 538
5960 538
5961 538
5962 660
5963 2171
5964 109
5965 538
5966 2065
5967 109
5968 1980
5969 109
5970 538
5971 538
5972 538
5973 538
5974 538
5975 538
5976 538
5977 7
5978 538
5979 200
5980 538
5981 538
5982 538
5983 538
5984 538
5985 538
5986 920
5987 2105
5988 109
5989 538
5990 2066
5991 538
5992 538
5993 538
5994 1547
5995 705
5996 1633
5997 117
5998 2191
5999 2189
6000 1984
6001 538
6002 109
6003 538
6004 2169
6005 2164
6006 538
6007 2138
6008 2115
6009 538
6010 538
6011 538
6012 2066
6013 7
6014 2033
6015 1992
6016 538
6017 2088
6018 538
6019 538
6020 879
6021 538
6022 109
6023 2080
6024 2049
6025 2040
6026 1960
6027 2022
6028 2018
6029 7
6030 2005
6031 2001
6032 1800
6033 1970
6034 538
6035 538
6036 538
6037 538
6038 538
6039 483
6040 538
6041 1785
6042 538
6043 538
6044 538
6045 538
6046 222
6047 1976
6048 2001
6049 2170
6050 2039
6051 2108
6052 538
6053 538
6054 538
6055 2000
6056 1846
6057 1370
6058 2081
6059 7
6060 2041
6061 109
6062 109
6063 2023
6064 1944
6065 538
6066 538
6067 1946
6068 1933
6069 480
6070 1907
6071 1908
6072 1845
6073 1844
6074 1835
6075 856
6076 212
6077 7
6078 538
6079 1919
6080 1731
6081 1958
6082 1065
6083 2173
6084 538
6085 2104
6086 538
6087 538
6088 109
6089 2001
6090 109
6091 2038
6092 2008
6093 538
6094 538
6095 538
6096 538
6097 538
6098 1940
6099 882
6100 1938
6101 1826
6102 1827
6103 1828
6104 1829
6105 1830
6106 1547
6107 538
6108 705
6109 642
6110 538
6111 109
6112 2104
6113 538
6114 538
6115 538
6116 538
6117 2099
6118 538
6119 538
6120 538
6121 538
6122 538
6123 538
6124 538
6125 190
6126 7
6127 2056
6128 1841
6129 2025
6130 109
6131 109
6132 538
6133 538
6134 1392
6135 109
6136 538
6137 2181
6138 109
6139 109
6140 109
6141 2166
6142 2177
6143 2106
6144 1993
6145 538
6146 109
6147 538
6148 538
6149 538
6150 2087
6151 109
6152 109
6153 1812
6154 538
6155 1789
6156 538
6157 2104
6158 1798
6159 7
6160 538
6161 1418
6162 538
6163 538
6164 2014
6165 2015
6166 2016
6167 1547
6168 7
6169 538
6170 538
6171 538
6172 109
6173 109
6174 538
6175 538
6176 538
6177 538
6178 538
6179 7
6180 538
6181 7
6182 170
6183 1823
6184 1997
6185 1947
6186 1945
6187 1943
6188 1929
6189 1928
6190 1925
6191 538
6192 538
6193 538
6194 109
6195 2174
6196 538
6197 1843
6198 440
6199 2039
6200 538
6201 7
6202 1941
6203 538
6204 609
6205 538
6206 538
6207 538
6208 538
6209 2045
6210 1729
6211 1958
6212 1957
6213 1858
6214 1856
6215 538
6216 1137
6217 538
6218 200
6219 538
6220 538
6221 2035
6222 538
6223 2100
6224 538
6225 538
6226 1080
6227 2059
6228 538
6229 538
6230 109
6231 1852
6232 538
6233 538
6234 538
6235 1181
6236 538
6237 920
6238 879
6239 1195
6240 1195
6241 538
6242 538
6243 538
6244 309
6245 538
6246 920
6247 920
6248 538
6249 538
6250 538
6251 538
6252 2187
6253 538
6254 1984
6255 538
6256 2109
6257 2107
6258 538
6259 538
6260 109
6261 985
6262 538
6263 2195
6264 2196
6265 2194
6266 7
6267 109
6268 538
6269 311
6270 109
6271 2192
6272 538
6273 538
6274 538
6275 538
6276 7
6277 2186
6278 2187
6279 2183
6280 2182
6281 1143
6282 538
6283 538
6284 538
6285 109
6286 2104
6287 1137
6288 538
6289 538
6290 2178
6291 2172
6292 109
6293 538
6294 538
6295 2101
6296 1633
6297 1392
6298 109
6299 831
6300 538
6301 2035
6302 1985
6303 538
6304 538
6305 538
6306 7
6307 2473
6308 538
6309 2467
6310 2298
6311 7
6312 2176
6313 2446
6314 2321
6315 538
6316 2388
6317 2327
6318 2409
6319 1837
6320 1427
6321 538
6322 1392
6323 2313
6324 2427
6325 2412
6326 2398
6327 2399
6328 2400
6329 2368
6330 7
6331 538
6332 2059
6333 2308
6334 538
6335 2353
6336 538
6337 2350
6338 2323
6339 2324
6340 222
6341 920
6342 538
6343 405
6344 538
6345 1181
6346 538
6347 538
6348 1356
6349 879
6350 538
6351 7
6352 2435
6353 2375
6354 2347
6355 2315
6356 2302
6357 2261
6358 7
6359 538
6360 538
6361 538
6362 538
6363 538
6364 538
6365 1486
6366 538
6367 538
6368 2059
6369 538
6370 538
6371 2486
6372 2239
6373 2469
6374 538
6375 117
6376 538
6377 920
6378 2292
6379 2275
6380 109
6381 1486
6382 538
6383 109
6384 7
6385 538
6386 1412
6387 428
6388 538
6389 1854
6390 2236
6391 2211
6392 2219
6393 538
6394 538
6395 538
6396 538
6397 7
6398 109
6399 538
6400 2142
6401 538
6402 1633
6403 2488
6404 2480
6405 538
6406 538
6407 2366
6408 2459
6409 109
6410 1933
6411 2059
6412 538
6413 878
6414 538
6415 2271
6416 1195
6417 1892
6418 538
6419 2450
6420 2451
6421 538
6422 2187
6423 2253
6424 760
6425 2437
6426 2242
6427 2436
6428 538
6429 316
6430 2423
6431 2416
6432 2401
6433 2391
6434 2369
6435 2362
6436 2356
6437 109
6438 2348
6439 2346
6440 499
6441 538
6442 538
6443 2316
6444 538
6445 2282
6446 2269
6447 2262
6448 538
6449 2246
6450 2243
6451 2241
6452 648
6453 2225
6454 2217
6455 538
6456 1919
6457 538
6458 534
6459 538
6460 1586
6461 126
6462 538
6463 126
6464 897
6465 897
6466 126
6467 538
6468 538
6469 538
6470 538
6471 538
6472 1887
6473 920
6474 538
6475 538
6476 538
6477 1412
6478 538
6479 2059
6480 222
6481 109
6482 2185
6483 2502
6484 2464
6485 538
6486 2454
6487 878
6488 2298
6489 538
6490 2345
6491 208
6492 538
6493 2317
6494 2220
6495 2202
6496 538
6497 538
6498 538
6499 538
6500 538
6501 7
6502 538
6503 538
6504 538
6505 538
6506 538
6507 1297
6508 1886
6509 1920
6510 1887
6511 538
6512 538
6513 2354
6514 2287
6515 2283
6516 476
6517 2118
6518 1297
6519 897
6520 2123
6521 538
6522 2496
6523 538
6524 538
6525 1412
6526 538
6527 538
6528 538
6529 538
6530 222
6531 538
6532 109
6533 2508
6534 2503
6535 2489
6536 2483
6537 2479
6538 538
6539 538
6540 1195
6541 538
6542 538
6543 538
6544 1919
6545 538
6546 2245
6547 7
6548 2448
6549 538
6550 538
6551 2245
6552 2291
6553 538
6554 2424
6555 2417
6556 2357
6557 2349
6558 538
6559 920
6560 538
6561 2284
6562 2270
6563 2263
6564 2247
6565 2242
6566 2232
6567 1025
6568 2203
6569 538
6570 126
6571 538
6572 538
6573 534
6574 108
6575 538
6576 538
6577 2118
6578 538
6579 538
6580 920
6581 538
6582 538
6583 2490
6584 2485
6585 538
6586 538
6587 538
6588 126
6589 2230
6590 538
6591 1522
6592 538
6593 2445
6594 2244
6595 109
6596 2229
6597 2313
6598 538
6599 538
6600 538
6601 2428
6602 440
6603 2402
6604 2392
6605 109
6606 2370
6607 538
6608 2318
6609 2307
6610 2288
6611 2285
6612 2264
6613 2255
6614 2237
6615 2234
6616 2226
6617 538
6618 2209
6619 2204
6620 538
6621 7
6622 538
6623 1195
6624 760
6625 538
6626 538
6627 538
6628 2201
6629 538
6630 920
6631 109
6632 538
6633 2059
6634 538
6635 538
6636 538
6637 538
6638 538
6639 538
6640 538
6641 538
6642 109
6643 7
6644 538
6645 538
6646 538
6647 2297
6648 1975
6649 538
6650 2425
6651 2374
6652 538
6653 222
6654 538
6655 538
6656 538
6657 2513
6658 2504
6659 2495
6660 538
6661 2475
6662 538
6663 109
6664 735
6665 1791
6666 2328
6667 2322
6668 2306
6669 2304
6670 538
6671 2211
6672 2078
6673 538
6674 109
6675 538
6676 538
6677 538
6678 7
6679 126
6680 109
6681 538
6682 538
6683 538
6684 538
6685 2406
6686 2385
6687 2410
6688 538
6689 538
6690 2290
6691 2386
6692 2221
6693 2216
6694 2212
6695 897
6696 538
6697 538
6698 538
6699 538
6700 538
6701 1951
6702 428
6703 538
6704 495
6705 538
6706 1025
6707 538
6708 538
6709 538
6710 126
6711 920
6712 109
6713 2512
6714 538
6715 2500
6716 2497
6717 2491
6718 2492
6719 2493
6720 2482
6721 2481
6722 2474
6723 2470
6724 2407
6725 2468
6726 538
6727 538
6728 2455
6729 7
6730 538
6731 538
6732 538
6733 1378
6734 766
6735 538
6736 538
6737 2426
6738 2418
6739 2419
6740 2382
6741 2371
6742 109
6743 538
6744 2335
6745 2336
6746 538
6747 2332
6748 2312
6749 109
6750 109
6751 109
6752 538
6753 538
6754 1445
6755 2456
6756 538
6757 1427
6758 538
6759 1586
6760 2199
6761 538
6762 538
6763 2429
6764 2404
6765 2393
6766 538
6767 2380
6768 2364
6769 109
6770 2360
6771 2337
6772 2308
6773 2281
6774 538
6775 920
6776 2059
6777 538
6778 7
6779 2514
6780 109
6781 2510
6782 2505
6783 2487
6784 2365
6785 2476
6786 2471
6787 2472
6788 109
6789 2465
6790 2466
6791 109
6792 109
6793 538
6794 2457
6795 2342
6796 1974
6797 538
6798 538
6799 2442
6800 7
6801 2272
6802 222
6803 2430
6804 109
6805 538
6806 2413
6807 2394
6808 2389
6809 1412
6810 2338
6811 2331
6812 2330
6813 480
6814 538
6815 538
6816 2420
6817 2319
6818 2273
6819 2235
6820 2218
6821 2214
6822 109
6823 879
6824 897
6825 538
6826 1982
6827 2215
6828 2212
6829 54
6830 1369
6831 2207
6832 2206
6833 2205
6834 1992
6835 538
6836 7
6837 7
6838 2381
6839 1919
6840 2325
6841 2320
6842 2309
6843 2303
6844 2176
6845 2300
6846 2289
6847 2286
6848 2276
6849 2259
6850 1919
6851 538
6852 538
6853 538
6854 2328
6855 2378
6856 538
6857 538
6858 2334
6859 538
6860 538
6861 7
6862 538
6863 2422
6864 2395
6865 109
6866 2361
6867 538
6868 2310
6869 538
6870 538
6871 538
6872 879
6873 109
6874 920
6875 538
6876 538
6877 538
6878 534
6879 538
6880 538
6881 2251
6882 109
6883 2375
6884 2363
6885 2233
6886 1919
6887 538
6888 538
6889 428
6890 2197
6891 2187
6892 1586
6893 2511
6894 2506
6895 538
6896 109
6897 2241
6898 2458
6899 2327
6900 7
6901 7
6902 2267
6903 2443
6904 1977
6905 2440
6906 2438
6907 879
6908 2431
6909 2414
6910 2344
6911 2343
6912 2329
6913 2305
6914 2248
6915 109
6916 538
6917 538
6918 7
6919 538
6920 1025
6921 1137
6922 538
6923 538
6924 2410
6925 538
6926 2509
6927 538
6928 538
6929 2501
6930 2494
6931 109
6932 2200
6933 2478
6934 1356
6935 538
6936 2200
6937 2463
6938 1025
6939 538
6940 538
6941 538
6942 538
6943 538
6944 2444
6945 538
6946 2220
6947 538
6948 538
6949 538
6950 2390
6951 2379
6952 2372
6953 2339
6954 2340
6955 2331
6956 2279
6957 538
6958 538
6959 538
6960 109
6961 109
6962 126
6963 538
6964 1965
6965 2376
6966 109
6967 617
6968 538
6969 109
6970 7
6971 538
6972 7
6973 2421
6974 2403
6975 538
6976 538
6977 538
6978 1919
6979 1951
6980 74
6981 538
6982 2473
6983 2498
6984 2499
6985 2484
6986 538
6987 538
6988 1514
6989 538
6990 538
6991 2415
6992 2397
6993 1025
6994 2242
6995 2313
6996 2314
6997 2290
6998 2291
6999 2257
7000 2249
7001 2244
7002 2228
7003 2229
7004 108
7005 538
7006 1919
7007 538
7008 538
7009 2118
7010 538
7011 538
7012 538
7013 1427
7014 2199
7015 538
7016 1195
7017 2198
7018 2453
7019 7
7020 2434
7021 2409
7022 538
7023 2267
7024 7
7025 538
7026 538
7027 538
7028 538
7029 7
7030 540
7031 538
7032 538
7033 109
7034 538
7035 538
7036 538
7037 2326
7038 2296
7039 2271
7040 2250
7041 2251
7042 2245
7043 2231
7044 2227
7045 538
7046 538
7047 7
7048 538
7049 538
7050 538
7051 538
7052 2059
7053 538
7054 538
7055 538
7056 538
7057 108
7058 705
7059 538
7060 538
7061 538
7062 538
7063 2333
7064 2318
7065 2326
7066 2452
7067 538
7068 1635
7069 2410
7070 1025
7071 1015
7072 2301
7073 208
7074 760
7075 2266
7076 2258
7077 109
7078 2238
7079 538
7080 109
7081 7
7082 538
7083 538
7084 538
7085 538
7086 538
7087 538
7088 538
7089 538
7090 109
7091 126
7092 538
7093 109
7094 1427
7095 2330
7096 2396
7097 2352
7098 2321
7099 2254
7100 2252
7101 1592
7102 7
7103 1514
7104 538
7105 2341
7106 538
7107 538
7108 538
7109 2460
7110 2341
7111 1562
7112 2254
7113 538
7114 2244
7115 2434
7116 2245
7117 538
7118 538
7119 538
7120 2433
7121 2432
7122 2411
7123 2405
7124 2388
7125 2387
7126 2373
7127 2358
7128 538
7129 2351
7130 538
7131 2327
7132 2311
7133 2297
7134 2272
7135 2268
7136 538
7137 538
7138 538
7139 1427
7140 920
7141 2408
7142 2461
7143 538
7144 538
7145 2449
7146 486
7147 2409
7148 538
7149 538
7150 538
7151 538
7152 2355
7153 2342
7154 538
7155 538
7156 538
7157 2299
7158 2298
7159 2253
7160 879
7161 801
7162 2230
7163 2213
7164 920
7165 1887
7166 538
7167 7
7168 538
7169 1886
7170 538
7171 538
7172 1984
7173 538
7174 538
7175 879
7176 2383
7177 2387
7178 538
7179 538
7180 2495
7181 2406
7182 109
7183 2447
7184 126
7185 7
7186 2439
7187 538
7188 538
7189 2383
7190 440
7191 109
7192 2359
7193 538
7194 2175
7195 1514
7196 109
7197 109
7198 109
7199 538
7200 538
7201 538
7202 538
7203 2406
7204 2367
7205 2365
7206 538
7207 538
7208 538
7209 2200
7210 538
7211 538
7212 2333
7213 109
7214 2293
7215 2274
7216 2260
7217 2256
7218 2239
7219 2210
7220 2208
7221 538
7222 538
7223 1143
7224 109
7225 538
7226 538
7227 538
7228 2441
7229 2408
7230 2407
7231 538
7232 2366
7233 538
7234 538
7235 2240
7236 1195
7237 538
7238 538
7239 538
7240 109
7241 1356
7242 538
7243 538
7244 2294
7245 538
7246 440
7247 879
7248 2295
7249 538
7250 538
7251 538
7252 117
7253 2280
7254 2278
7255 2277
7256 538
7257 538
7258 2059
7259 538
7260 7
7261 2198
7262 882
7263 2321
7264 882
7265 2517
7266 538
7267 538
7268 2515
7269 538
7270 538
7271 538
7272 538
7273 1586
7274 381
7275 109
7276 1195
7277 538
7278 538
7279 538
7280 538
7281 617
7282 538
7283 538
7284 2375
7285 2383
7286 538
7287 538
7288 538
7289 1635
7290 7
7291 538
7292 2242
7293 7
7294 2447
7295 2321
7296 538
7297 2318
7298 2251
7299 2477
7300 538
7301 538
7302 538
7303 109
7304 538
7305 920
7306 2507
7307 538
7308 1998
7309 538
7310 538
7311 538
7312 2477
7313 2240
7314 2462
7315 920
7316 538
7317 538
7318 538
7319 7
7320 2387
7321 1445
7322 2352
7323 109
7324 538
7325 1410
7326 1025
7327 1635
7328 2410
7329 538
7330 2198
7331 2318
7332 2384
7333 2385
7334 2377
7335 2364
7336 878
7337 2265
7338 538
7339 617
7340 538
7341 1297
7342 538
7343 920
7344 1418
7345 538
7346 538
7347 1025
7348 879
7349 2607
7350 2605
7351 538
7352 2593
7353 538
7354 538
7355 7
7356 7
7357 538
7358 382
7359 538
7360 538
7361 538
7362 109
7363 2224
7364 538
7365 2524
7366 2245
7367 538
7368 895
7369 2573
7370 2574
7371 2562
7372 109
7373 2555
7374 538
7375 2553
7376 1592
7377 2545
7378 2536
7379 2535
7380 2534
7381 2530
7382 2531
7383 538
7384 538
7385 538
7386 660
7387 2245
7388 538
7389 7
7390 538
7391 538
7392 7
7393 591
7394 538
7395 538
7396 538
7397 538
7398 538
7399 538
7400 538
7401 109
7402 538
7403 538
7404 2516
7405 538
7406 538
7407 538
7408 538
7409 538
7410 538
7411 2516
7412 1427
7413 1297
7414 538
7415 2587
7416 538
7417 382
7418 109
7419 2567
7420 2537
7421 538
7422 538
7423 538
7424 538
7425 538
7426 538
7427 538
7428 7
7429 538
7430 538
7431 7
7432 538
7433 1800
7434 538
7435 538
7436 1195
7437 538
7438 538
7439 538
7440 538
7441 538
7442 2462
7443 538
7444 538
7445 538
7446 2409
7447 538
7448 2563
7449 2546
7450 2527
7451 538
7452 1514
7453 2028
7454 660
7455 1933
7456 538
7457 538
7458 538
7459 538
7460 2245
7461 538
7462 538
7463 538
7464 538
7465 2462
7466 538
7467 538
7468 538
7469 538
7470 538
7471 538
7472 538
7473 7
7474 538
7475 878
7476 2483
7477 538
7478 538
7479 1850
7480 538
7481 538
7482 538
7483 538
7484 538
7485 538
7486 538
7487 1015
7488 538
7489 7
7490 2521
7491 538
7492 2597
7493 2594
7494 2591
7495 2588
7496 538
7497 1977
7498 2462
7499 109
7500 1514
7501 538
7502 538
7503 2583
7504 2383
7505 2543
7506 109
7507 109
7508 538
7509 2582
7510 2578
7511 2575
7512 2576
7513 2568
7514 2564
7515 2556
7516 2557
7517 538
7518 538
7519 2552
7520 2551
7521 2547
7522 2544
7523 2543
7524 2540
7525 2321
7526 2533
7527 2528
7528 538
7529 538
7530 538
7531 7
7532 538
7533 538
7534 882
7535 2176
7536 538
7537 591
7538 895
7539 538
7540 2176
7541 538
7542 538
7543 2229
7544 538
7545 109
7546 538
7547 538
7548 538
7549 882
7550 538
7551 538
7552 109
7553 1195
7554 1800
7555 2028
7556 538
7557 109
7558 538
7559 538
7560 538
7561 538
7562 538
7563 538
7564 1514
7565 538
7566 538
7567 538
7568 895
7569 882
7570 538
7571 660
7572 538
7573 7
7574 538
7575 538
7576 538
7577 538
7578 538
7579 538
7580 538
7581 538
7582 2522
7583 2462
7584 538
7585 945
7586 538
7587 538
7588 538
7589 538
7590 538
7591 109
7592 30
7593 538
7594 2557
7595 2028
7596 2565
7597 2554
7598 945
7599 1800
7600 7
7601 538
7602 538
7603 538
7604 538
7605 538
7606 126
7607 974
7608 538
7609 1195
7610 538
7611 109
7612 538
7613 1800
7614 538
7615 538
7616 538
7617 791
7618 538
7619 2589
7620 538
7621 1195
7622 538
7623 109
7624 538
7625 538
7626 538
7627 538
7628 538
7629 538
7630 538
7631 7
7632 538
7633 538
7634 538
7635 2520
7636 2518
7637 538
7638 538
7639 538
7640 2584
7641 2561
7642 538
7643 660
7644 538
7645 538
7646 109
7647 538
7648 109
7649 538
7650 538
7651 2052
7652 2598
7653 2595
7654 2592
7655 538
7656 538
7657 2526
7658 109
7659 2560
7660 538
7661 1514
7662 109
7663 109
7664 109
7665 109
7666 538
7667 2580
7668 2579
7669 2571
7670 2570
7671 2566
7672 2558
7673 2559
7674 1195
7675 1592
7676 2548
7677 2542
7678 2538
7679 2532
7680 2529
7681 538
7682 538
7683 538
7684 538
7685 538
7686 260
7687 538
7688 1886
7689 2416
7690 538
7691 2522
7692 920
7693 538
7694 538
7695 538
7696 538
7697 538
7698 109
7699 538
7700 109
7701 7
7702 538
7703 538
7704 538
7705 7
7706 895
7707 538
7708 1885
7709 538
7710 538
7711 920
7712 920
7713 538
7714 538
7715 538
7716 538
7717 538
7718 538
7719 538
7720 538
7721 538
7722 538
7723 1065
7724 538
7725 109
7726 538
7727 7
7728 538
7729 2599
7730 109
7731 882
7732 2242
7733 1195
7734 2525
7735 538
7736 538
7737 538
7738 538
7739 538
7740 538
7741 538
7742 538
7743 405
7744 538
7745 2615
7746 2612
7747 538
7748 538
7749 538
7750 109
7751 109
7752 2580
7753 538
7754 538
7755 538
7756 2245
7757 2028
7758 882
7759 109
7760 920
7761 2603
7762 109
7763 897
7764 2586
7765 538
7766 109
7767 538
7768 538
7769 538
7770 109
7771 2524
7772 538
7773 2241
7774 538
7775 538
7776 126
7777 7
7778 538
7779 538
7780 538
7781 2618
7782 2617
7783 554
7784 7
7785 109
7786 2610
7787 2606
7788 2604
7789 2601
7790 2600
7791 538
7792 538
7793 109
7794 538
7795 538
7796 109
7797 2550
7798 2549
7799 1965
7800 1965
7801 591
7802 538
7803 1592
7804 538
7805 1195
7806 109
7807 538
7808 538
7809 538
7810 2321
7811 2223
7812 2222
7813 538
7814 2590
7815 2549
7816 7
7817 1188
7818 1817
7819 2560
7820 538
7821 2541
7822 538
7823 538
7824 538
7825 538
7826 1951
7827 538
7828 538
7829 7
7830 2363
7831 2245
7832 538
7833 2302
7834 538
7835 538
7836 538
7837 7
7838 538
7839 538
7840 538
7841 538
7842 538
7843 538
7844 538
7845 538
7846 2346
7847 2346
7848 2619
7849 538
7850 109
7851 538
7852 109
7853 2616
7854 895
7855 538
7856 2608
7857 2585
7858 538
7859 7
7860 2561
7861 2550
7862 538
7863 2539
7864 7
7865 2526
7866 538
7867 7
7868 538
7869 2462
7870 7
7871 538
7872 895
7873 882
7874 538
7875 538
7876 538
7877 538
7878 538
7879 538
7880 1817
7881 538
7882 1886
7883 538
7884 538
7885 1195
7886 538
7887 538
7888 895
7889 538
7890 538
7891 538
7892 109
7893 538
7894 538
7895 538
7896 538
7897 2523
7898 538
7899 1065
7900 2321
7901 7
7902 538
7903 538
7904 538
7905 895
7906 538
7907 538
7908 538
7909 538
7910 538
7911 538
7912 538
7913 538
7914 2321
7915 538
7916 538
7917 2460
7918 538
7919 2519
7920 7
7921 126
7922 2224
7923 538
7924 538
7925 2857
7926 538
7927 2818
7928 109
7929 538
7930 538
7931 538
7932 2832
7933 2831
7934 538
7935 2681
7936 538
7937 538
7938 538
7939 675
7940 2827
7941 538
7942 538
7943 538
7944 2778
7945 2779
7946 538
7947 538
7948 1090
7949 2679
7950 538
7951 538
7952 538
7953 538
7954 7
7955 538
7956 382
7957 2459
7958 109
7959 538
7960 109
7961 538
7962 538
7963 538
7964 538
7965 1195
7966 1496
7967 2633
7968 538
7969 538
7970 2715
7971 2709
7972 538
7973 2692
7974 2685
7975 2620
7976 538
7977 1603
7978 109
7979 1965
7980 538
7981 538
7982 538
7983 538
7984 538
7985 2868
7986 405
7987 7
7988 538
7989 450
7990 538
7991 538
7992 2718
7993 2342
7994 2650
7995 2621
7996 538
7997 1965
7998 538
7999 538
8000 538
8001 7
8002 920
8003 1606
8004 2789
8005 2821
8006 2814
8007 2785
8008 2713
8009 2697
8010 2658
8011 109
8012 538
8013 538
8014 109
8015 538
8016 7
8017 538
8018 538
8019 109
8020 538
8021 538
8022 2737
8023 538
8024 538
8025 2817
8026 109
8027 2745
8028 538
8029 538
8030 7
8031 538
8032 538
8033 2842
8034 2838
8035 538
8036 2837
8037 538
8038 538
8039 538
8040 538
8041 2771
8042 538
8043 1791
8044 2649
8045 109
8046 2822
8047 2823
8048 2804
8049 2795
8050 2786
8051 538
8052 2772
8053 2763
8054 2751
8055 2746
8056 109
8057 538
8058 2710
8059 538
8060 2704
8061 2684
8062 2698
8063 2694
8064 2688
8065 2686
8066 2633
8067 1547
8068 7
8069 2672
8070 2661
8071 2659
8072 2651
8073 2647
8074 2622
8075 2623
8076 538
8077 538
8078 538
8079 109
8080 538
8081 538
8082 1436
8083 538
8084 538
8085 538
8086 1606
8087 538
8088 538
8089 109
8090 538
8091 109
8092 538
8093 538
8094 538
8095 538
8096 538
8097 2346
8098 538
8099 2590
8100 2223
8101 2613
8102 2602
8103 2596
8104 387
8105 2245
8106 109
8107 109
8108 2815
8109 7
8110 538
8111 2738
8112 2630
8113 2702
8114 109
8115 2699
8116 538
8117 538
8118 538
8119 538
8120 538
8121 538
8122 2673
8123 538
8124 920
8125 538
8126 1816
8127 2646
8128 538
8129 1817
8130 483
8131 109
8132 538
8133 1800
8134 538
8135 7
8136 109
8137 2841
8138 538
8139 538
8140 2863
8141 2858
8142 538
8143 109
8144 2659
8145 538
8146 538
8147 538
8148 538
8149 2835
8150 2830
8151 538
8152 538
8153 109
8154 538
8155 2702
8156 538
8157 109
8158 2254
8159 2816
8160 528
8161 2796
8162 2787
8163 538
8164 2635
8165 2782
8166 538
8167 2777
8168 2759
8169 2752
8170 2747
8171 538
8172 2719
8173 2716
8174 2714
8175 2711
8176 591
8177 538
8178 538
8179 2689
8180 2681
8181 2675
8182 2662
8183 2652
8184 2648
8185 538
8186 260
8187 538
8188 538
8189 538
8190 109
8191 28
8192 109
8193 538
8194 538
8195 538
8196 7
8197 538
8198 2577
8199 2569
8200 2612
8201 109
8202 7
8203 538
8204 2612
8205 2869
8206 538
8207 591
8208 109
8209 538
8210 538
8211 1800
8212 49
8213 538
8214 7
8215 538
8216 538
8217 7
8218 2826
8219 2740
8220 538
8221 2824
8222 2797
8223 2794
8224 2627
8225 2783
8226 538
8227 2773
8228 2757
8229 2749
8230 2750
8231 2741
8232 538
8233 2736
8234 2724
8235 2723
8236 538
8237 2695
8238 2682
8239 2678
8240 7
8241 2674
8242 2653
8243 2649
8244 2590
8245 538
8246 538
8247 538
8248 538
8249 538
8250 538
8251 538
8252 538
8253 538
8254 538
8255 538
8256 538
8257 899
8258 538
8259 2285
8260 538
8261 538
8262 538
8263 7
8264 538
8265 538
8266 2863
8267 538
8268 538
8269 7
8270 538
8271 2764
8272 2805
8273 2806
8274 2798
8275 538
8276 2690
8277 2654
8278 2624
8279 2625
8280 2626
8281 1089
8282 2627
8283 2628
8284 2629
8285 538
8286 538
8287 538
8288 1195
8289 538
8290 538
8291 538
8292 538
8293 538
8294 538
8295 538
8296 895
8297 2872
8298 538
8299 109
8300 2811
8301 538
8302 538
8303 1817
8304 538
8305 1356
8306 538
8307 538
8308 2634
8309 538
8310 2820
8311 2807
8312 2803
8313 2802
8314 2784
8315 109
8316 109
8317 109
8318 2765
8319 2766
8320 2767
8321 109
8322 538
8323 538
8324 7
8325 538
8326 126
8327 538
8328 2523
8329 483
8330 538
8331 538
8332 538
8333 538
8334 538
8335 1816
8336 2873
8337 2777
8338 2850
8339 983
8340 2788
8341 7
8342 538
8343 109
8344 2799
8345 538
8346 2708
8347 538
8348 2665
8349 2657
8350 2643
8351 2630
8352 2631
8353 2632
8354 28
8355 538
8356 538
8357 538
8358 538
8359 109
8360 126
8361 538
8362 538
8363 7
8364 538
8365 538
8366 1353
8367 2692
8368 538
8369 538
8370 538
8371 2721
8372 609
8373 2684
8374 2666
8375 2655
8376 2644
8377 2641
8378 2642
8379 2633
8380 2634
8381 2634
8382 109
8383 2346
8384 538
8385 2533
8386 538
8387 538
8388 538
8389 1195
8390 109
8391 2854
8392 538
8393 2737
8394 538
8395 538
8396 2874
8397 2209
8398 7
8399 538
8400 2848
8401 1891
8402 2819
8403 538
8404 2851
8405 2849
8406 538
8407 2223
8408 2843
8409 538
8410 538
8411 28
8412 538
8413 538
8414 538
8415 2808
8416 2746
8417 2790
8418 2768
8419 2659
8420 1606
8421 538
8422 2739
8423 538
8424 538
8425 7
8426 538
8427 609
8428 538
8429 538
8430 538
8431 1412
8432 538
8433 538
8434 538
8435 538
8436 591
8437 538
8438 538
8439 538
8440 538
8441 538
8442 538
8443 538
8444 538
8445 2748
8446 2731
8447 2701
8448 1308
8449 2544
8450 538
8451 538
8452 2735
8453 2732
8454 2730
8455 2725
8456 2726
8457 2727
8458 2728
8459 2459
8460 538
8461 538
8462 538
8463 2809
8464 2111
8465 1195
8466 2760
8467 2666
8468 2758
8469 2756
8470 2742
8471 7
8472 1514
8473 7
8474 7
8475 2596
8476 2856
8477 2852
8478 2736
8479 2829
8480 538
8481 2656
8482 2645
8483 2635
8484 538
8485 2636
8486 1412
8487 2637
8488 109
8489 538
8490 538
8491 7
8492 538
8493 109
8494 2881
8495 538
8496 538
8497 538
8498 538
8499 538
8500 538
8501 2840
8502 538
8503 7
8504 109
8505 538
8506 7
8507 2853
8508 538
8509 2846
8510 109
8511 538
8512 2590
8513 538
8514 7
8515 2800
8516 2791
8517 538
8518 538
8519 2734
8520 2677
8521 2667
8522 538
8523 538
8524 538
8525 591
8526 1195
8527 538
8528 538
8529 538
8530 2346
8531 538
8532 7
8533 538
8534 2896
8535 2897
8536 2719
8537 2879
8538 109
8539 2674
8540 2860
8541 2861
8542 2859
8543 538
8544 538
8545 538
8546 538
8547 538
8548 2828
8549 7
8550 2733
8551 2712
8552 2706
8553 2703
8554 2346
8555 2676
8556 2664
8557 2660
8558 2638
8559 538
8560 538
8561 2596
8562 483
8563 538
8564 1436
8565 538
8566 538
8567 1606
8568 538
8569 7
8570 538
8571 2681
8572 7
8573 2754
8574 2801
8575 1412
8576 1090
8577 2639
8578 2640
8579 7
8580 538
8581 538
8582 2611
8583 2731
8584 538
8585 2862
8586 2615
8587 538
8588 538
8589 538
8590 538
8591 2810
8592 2780
8593 2776
8594 2769
8595 2764
8596 538
8597 1791
8598 2740
8599 109
8600 2346
8601 109
8602 882
8603 2720
8604 538
8605 538
8606 2674
8607 538
8608 538
8609 7
8610 538
8611 538
8612 538
8613 538
8614 538
8615 538
8616 538
8617 538
8618 2224
8619 2681
8620 538
8621 538
8622 28
8623 538
8624 7
8625 538
8626 538
8627 538
8628 538
8629 538
8630 538
8631 538
8632 538
8633 2242
8634 538
8635 538
8636 538
8637 538
8638 538
8639 538
8640 477
8641 538
8642 538
8643 2866
8644 538
8645 538
8646 538
8647 499
8648 1791
8649 109
8650 538
8651 538
8652 538
8653 483
8654 2788
8655 2770
8656 1791
8657 2707
8658 538
8659 2663
8660 538
8661 2568
8662 2576
8663 538
8664 538
8665 109
8666 538
8667 538
8668 538
8669 538
8670 538
8671 538
8672 538
8673 538
8674 7
8675 538
8676 538
8677 109
8678 2554
8679 538
8680 538
8681 538
8682 538
8683 2634
8684 538
8685 538
8686 538
8687 538
8688 538
8689 538
8690 538
8691 538
8692 538
8693 483
8694 538
8695 7
8696 538
8697 538
8698 538
8699 538
8700 538
8701 538
8702 538
8703 538
8704 2877
8705 2875
8706 2623
8707 2867
8708 109
8709 538
8710 2812
8711 2811
8712 538
8713 2753
8714 2839
8715 2840
8716 538
8717 1791
8718 2836
8719 2623
8720 477
8721 538
8722 2707
8723 538
8724 538
8725 2346
8726 2825
8727 2789
8728 538
8729 2634
8730 2781
8731 2771
8732 2761
8733 2753
8734 1791
8735 499
8736 1982
8737 538
8738 538
8739 1436
8740 538
8741 7
8742 2557
8743 538
8744 109
8745 538
8746 538
8747 538
8748 1436
8749 7
8750 538
8751 538
8752 591
8753 538
8754 538
8755 2876
8756 538
8757 2870
8758 2844
8759 2707
8760 2833
8761 109
8762 538
8763 538
8764 538
8765 538
8766 2811
8767 2812
8768 109
8769 538
8770 2754
8771 2743
8772 1791
8773 2737
8774 2722
8775 538
8776 2705
8777 2687
8778 1436
8779 109
8780 538
8781 1514
8782 538
8783 920
8784 7
8785 538
8786 538
8787 7
8788 538
8789 538
8790 538
8791 538
8792 538
8793 109
8794 538
8795 2845
8796 2383
8797 7
8798 538
8799 538
8800 2707
8801 2774
8802 2775
8803 591
8804 538
8805 538
8806 538
8807 538
8808 538
8809 538
8810 2889
8811 2886
8812 538
8813 538
8814 7
8815 2848
8816 2737
8817 1891
8818 538
8819 2681
8820 2623
8821 538
8822 2817
8823 109
8824 538
8825 109
8826 538
8827 538
8828 538
8829 109
8830 382
8831 2863
8832 2612
8833 2854
8834 538
8835 109
8836 538
8837 538
8838 538
8839 591
8840 538
8841 7
8842 538
8843 2813
8844 2792
8845 2744
8846 538
8847 382
8848 538
8849 538
8850 540
8851 538
8852 2321
8853 2614
8854 2581
8855 109
8856 538
8857 2883
8858 2882
8859 2880
8860 538
8861 109
8862 109
8863 109
8864 538
8865 2744
8866 2864
8867 2550
8868 2855
8869 538
8870 109
8871 126
8872 538
8873 538
8874 387
8875 2745
8876 1195
8877 538
8878 538
8879 2245
8880 1606
8881 538
8882 2549
8883 109
8884 2890
8885 7
8886 538
8887 2845
8888 2707
8889 538
8890 538
8891 538
8892 2818
8893 538
8894 538
8895 538
8896 483
8897 538
8898 2893
8899 2887
8900 2885
8901 2847
8902 2705
8903 2841
8904 591
8905 538
8906 449
8907 2762
8908 538
8909 7
8910 538
8911 2899
8912 2894
8913 2871
8914 1800
8915 2812
8916 538
8917 538
8918 7
8919 538
8920 126
8921 2680
8922 126
8923 538
8924 538
8925 2707
8926 2902
8927 2900
8928 1800
8929 1933
8930 109
8931 1606
8932 538
8933 2549
8934 7
8935 2898
8936 2895
8937 2891
8938 2892
8939 2888
8940 2884
8941 538
8942 2878
8943 1480
8944 109
8945 109
8946 2737
8947 2854
8948 2865
8949 2855
8950 538
8951 538
8952 2770
8953 538
8954 2834
8955 2681
8956 2623
8957 538
8958 538
8959 538
8960 591
8961 538
8962 538
8963 538
8964 538
8965 2674
8966 2229
8967 538
8968 2819
8969 2695
8970 2793
8971 2755
8972 2729
8973 2720
8974 2717
8975 538
8976 2700
8977 2696
8978 2693
8979 2691
8980 2683
8981 2668
8982 1919
8983 2669
8984 2670
8985 2671
8986 538
8987 538
8988 538
8989 1606
8990 109
8991 538
8992 538
8993 538
8994 2609
8995 2572
8996 538
8997 538
8998 1933
8999 1800
9000 538
9001 538
9002 2901
