4420
4419
4418
4417
4212
4211
2069
2068
2067
4210
2066
2065
4416
2064
4209
2063
2062
2061
4415
4414
4208
2060
2059
4413
2058
4412
4207
2057
2056
2055
2054
2053
2052
3789
4408
4411
3788
3786
3787
4206
2051
3785
4407
4223
4406
4222
4205
2050
3784
4405
3783
2049
4204
4404
4281
3856
4403
3855
4221
4220
2048
3831
3830
3829
3828
4203
2040
3854
4396
4280
3853
3852
4402
2139
2039
2038
3782
3827
2138
2137
2136
2037
2036
2035
4219
3776
3777
3778
3779
1681
1680
2135
2134
2133
2034
2033
2032
4218
4217
4216
3851
1679
1678
3780
3781
1677
2132
2131
2130
2031
2030
4401
3850
4279
4395
4215
4394
4278
3849
4393
4200
4392
4277
1676
1781
1780
1779
1675
1674
2129
2128
2127
2029
2028
2027
4276
4391
4768
3848
2667
4400
4399
3826
3825
3824
4199
3823
3822
4198
4767
4390
4275
4197
4350
4351
3771
3772
3773
3774
3775
3770
1778
1777
1776
1775
1774
1673
1672
1671
2026
4766
4345
4346
4347
4348
4349
2025
4214
2126
2125
2666
2124
4765
2665
4196
4195
4764
2664
1773
1772
1771
4389
4274
4343
4344
4763
1670
1669
1668
3847
1667
1666
2663
4273
4388
2024
2123
2122
2121
2023
2662
2022
4762
4194
4193
4760
4761
4759
1664
1665
1766
1767
1768
1769
1770
1765
1764
4387
4272
4342
1663
1662
1661
2047
2046
2045
1660
2120
2119
2118
2021
2020
2019
4192
4271
4386
2661
2660
4191
4758
4385
4270
4190
4757
4340
4341
1763
1762
1760
1761
2659
1659
4756
1658
1657
2018
2017
2016
2658
2117
2116
2115
4269
4384
4382
4383
4268
2657
4755
1759
1758
1757
1756
4267
4754
3846
4266
4381
3821
3820
3819
3818
3817
4265
4189
4188
2656
4339
4338
4337
4380
4264
1656
1655
1654
1755
1754
1753
4336
4398
3845
2655
2114
2113
2112
2015
4333
4334
4335
2014
4187
4263
2654
4378
4379
4262
4186
1653
1752
1751
1750
1652
1651
1650
1649
4213
2111
4410
2110
2109
2013
2012
4753
4752
4331
4332
4330
2011
4185
4184
2653
2652
2651
1749
4377
1748
1747
4261
1746
1745
4183
4751
4329
3844
1648
1647
1646
1645
1644
2650
4750
4749
4260
2108
2107
2106
2010
2009
4182
4376
4259
3843
1744
1743
1742
1741
1740
2649
4328
4258
4375
1643
1642
2105
2104
2103
2008
3367
3366
3365
3364
3363
4748
4181
3362
2395
2394
4327
3361
3360
3842
2648
2393
2647
4180
1641
1640
1639
4326
4202
4257
4374
1739
1738
3841
1737
1736
1638
1637
4256
3816
3815
3814
3813
2392
3359
2102
2101
2100
2007
2006
2005
2391
2390
3358
4747
2389
2388
3357
2387
3356
1732
1733
1734
1735
3811
3812
4255
4373
3840
4746
4745
4372
4254
4253
4371
4179
4178
4177
4325
4370
4252
1636
1635
1634
4744
3355
4251
2386
1731
1729
1730
2646
2004
2099
2098
2097
2003
3354
2002
3353
2385
3352
3351
3349
3350
4324
4176
2645
3348
2384
2383
3347
4320
4321
4322
4323
3346
2644
4319
4318
3345
4369
4250
2643
4175
4743
2382
3763
3764
3765
3766
3767
4742
2642
4317
4316
3839
1728
1727
1726
1725
4720
2641
1633
2640
1632
2381
3344
2639
2638
4719
1631
1630
4718
2044
2043
2042
4717
2096
2380
2379
3343
2095
2094
2001
2000
2378
4741
2637
2377
3342
2636
4716
3341
4715
2376
3340
3339
3338
4714
3762
3337
4174
4713
4740
4173
4315
2375
600
1000
2374
999
599
998
2373
3336
4712
3335
4314
4739
3334
3333
598
1721
1722
1723
1724
4368
4249
3332
3761
597
596
1629
1628
1627
3768
3769
3331
4248
2372
3330
595
3329
4172
1626
1625
4711
4738
2093
2092
1999
3328
594
4737
3327
593
2371
4710
2370
592
2635
4313
591
4312
2369
590
589
1624
588
587
4367
3326
1720
1719
1718
3838
4247
1717
1716
1715
3756
3757
3758
3759
3760
997
2368
996
2634
4709
586
4708
4736
4707
585
584
583
582
2041
700
4520
995
3755
4519
3754
581
580
4518
4246
994
2367
4366
2633
4517
4706
579
4705
4516
4515
993
699
698
992
1623
578
2091
577
697
4171
2366
696
576
1998
1997
2090
695
694
3325
4704
693
991
2632
4703
4735
990
2631
3753
2365
3324
692
3750
3751
3752
691
690
4702
2364
2630
4701
689
989
3323
3322
3321
988
4700
3320
2363
4514
987
2362
986
2629
4699
688
985
984
575
574
2767
2766
2361
1981
4311
983
2765
3319
573
2764
572
687
4698
686
4697
4365
4245
4170
685
3267
3743
3744
3745
3746
3747
3748
3749
2763
4696
2762
3318
684
683
4513
682
4512
4511
4510
1714
4509
1713
1712
1622
4508
4201
4507
2360
2359
571
4506
3266
3265
4505
4504
1980
1979
1978
681
2628
4695
1621
982
1620
2089
2358
2088
2761
1996
1995
981
2357
2760
3264
1977
3263
2759
2758
2627
4734
2757
980
1976
979
4694
3317
3262
2626
3261
978
2356
2756
1975
3260
680
679
2355
2755
977
3259
4693
2354
4620
3316
3258
976
4692
4619
4733
975
2353
4732
2754
4618
2352
4617
1974
4691
974
4616
2753
973
2295
2351
4690
4615
3315
4614
2752
678
3257
3256
300
677
2751
570
2750
2749
299
298
2748
4364
4244
569
2625
2294
2350
297
1711
1710
568
2624
972
2623
3255
4310
3314
567
1973
1972
2293
2349
4689
566
4688
2622
4687
4686
2747
296
295
565
4309
4243
4363
1971
3313
1970
1969
1968
1967
1966
971
2292
2348
1965
1964
1963
2291
2347
3254
1962
1961
1960
1959
1958
1957
2746
4685
4169
4168
3742
3810
3809
3808
3807
3806
4307
4308
4306
4305
4304
4303
564
4362
4684
2290
2346
4613
2745
4242
4868
970
1956
3737
3738
3739
3740
3741
1955
676
675
674
563
293
294
4503
4502
4302
1619
4501
4867
1618
4500
1617
4612
4499
969
2289
2345
4611
4498
3736
4497
562
3735
3734
4866
561
2288
2344
4610
4241
4496
1709
4361
4495
3312
1708
1954
1707
1706
1953
1952
1951
4494
3311
1593
292
4493
1592
1950
4301
968
4865
2087
3253
3310
2086
2085
2744
4683
3309
1591
4682
4864
4863
967
4609
3252
3733
291
2743
4681
4862
560
1589
1590
3251
4680
4861
1588
4860
4608
2742
1949
3250
4859
4167
966
3307
3308
673
1587
3249
4492
3732
2741
3731
3730
4491
2740
4858
3956
4490
1586
3955
672
965
2287
2343
4607
3954
964
2286
2342
4606
3248
2739
2621
4857
671
2738
559
2737
558
670
4856
557
669
963
2285
2341
4605
4855
4679
4854
4604
962
4603
4602
2284
2340
4601
4600
4853
3306
4299
4300
4852
4298
2736
4731
4851
2735
556
668
4297
4599
3247
3953
4489
3952
4488
3951
3950
3949
3948
3246
3947
4056
290
4850
3946
4055
3667
3945
4054
555
4598
3944
4053
3666
4597
3305
3943
4052
3942
4051
289
2283
2339
2734
2733
288
554
287
1585
2282
2338
4360
1584
4240
286
285
961
4165
4166
3727
3728
3729
4678
960
2281
2337
1582
1583
4677
4849
4676
4848
553
667
2239
2732
666
2237
2238
665
2236
283
284
552
282
4487
664
4486
4485
551
1616
4484
4483
4482
3726
3725
4481
550
281
280
4050
4480
4479
1948
1947
4478
4049
1705
1704
1703
1581
1615
1946
1614
1945
1944
279
4048
4675
1943
4674
278
277
2235
2234
3724
276
3723
275
663
959
2620
4673
4847
3805
1580
3722
3804
3803
4047
274
3941
4046
549
3940
4045
2233
3939
4044
4477
3938
4476
3937
4475
2232
3303
3304
958
2619
4596
3665
3721
273
2231
3664
4846
3245
2280
2336
3663
4595
2084
4845
3662
4594
4672
2083
1579
1994
3244
272
548
3661
4593
957
1993
4592
956
1613
3660
4591
2279
2335
3659
4590
662
661
3720
4296
3243
1942
955
2278
2334
3658
4589
1941
3657
4844
1578
3241
3242
3302
2230
2731
2730
4164
660
547
659
271
3656
4671
4843
3719
3240
3718
658
2729
1940
3936
4474
954
3301
4588
1939
3300
2229
2728
270
3655
4670
4842
2228
3654
4841
2727
1577
4840
2227
2726
4043
546
2277
2333
3653
4587
4730
3239
4293
4294
4295
3652
4292
4839
953
2725
3238
657
3651
4838
3717
3650
4837
656
3237
269
952
3299
4669
1576
2226
2276
2332
3716
951
2225
3935
4473
2224
3649
4586
2223
3934
4472
4836
2222
2221
3236
3933
4042
3932
4041
2724
3931
4040
950
3235
949
3930
4039
3929
4038
3928
2275
2331
2723
3648
3927
3926
3925
2220
545
3924
4835
3647
4585
268
544
2218
2219
2217
2722
267
1575
1574
4668
4584
4667
4834
2216
3298
266
3234
3297
1938
1937
1573
2721
1936
1611
1612
655
654
2618
4359
4239
2617
3296
653
3295
265
264
543
652
651
542
650
541
1935
2616
263
540
3837
1572
4471
1610
4470
4469
1609
1702
1701
1700
1699
1571
4037
1570
4238
4358
3232
3233
3230
3231
262
3294
1569
2274
2330
2720
261
3229
3228
3227
2215
3226
649
1568
3293
3292
1567
539
2214
260
538
2213
2719
648
3802
1566
3801
2082
2081
1992
1991
4163
4162
3291
2718
3225
1934
647
2717
4729
1565
2967
3290
3224
2965
2966
646
2964
259
645
3221
3222
3223
644
2963
2716
3289
643
2212
2615
3220
4036
2715
4035
4034
4033
4032
2273
2329
4031
4468
4030
3923
4029
2614
2961
2962
3219
642
258
3288
2211
4290
4291
4289
2960
2714
641
2713
2959
2272
2328
4288
537
640
536
2712
2613
1606
1607
1608
2271
2327
948
4357
639
3218
4666
4728
4237
500
1698
1697
1696
1695
638
4583
2958
2612
4466
4467
4465
2957
2711
3709
3710
3711
3712
3713
3714
3715
4665
2956
2611
2955
2954
2949
2950
2951
2952
2953
1294
2948
4664
257
256
637
2946
2947
3216
3217
1289
1290
1291
1292
1293
2207
2208
2209
2210
1288
2205
2206
4663
499
2204
2203
255
2202
2201
498
535
1287
1564
497
254
253
4464
636
496
1605
1604
1603
251
252
250
249
1563
4463
1933
4028
4462
1932
1931
4027
1930
1929
3922
4461
3836
1928
1927
4582
1926
1925
1924
3215
3287
1561
1562
1923
1922
1286
1560
4662
200
199
1921
4661
4833
1920
4832
4581
4660
1559
248
534
4026
495
635
2270
2326
4831
1558
3708
3921
4025
494
1919
198
197
947
4830
493
2200
2080
2710
2079
492
946
491
1990
533
945
2610
3646
4659
196
1557
1989
1918
3067
3214
490
4287
3286
2199
3066
3213
2269
2325
3645
4580
4658
195
1917
2268
2324
2198
194
3644
4579
4829
3212
3643
1556
944
2609
4828
3065
193
192
3064
3285
191
190
489
189
634
247
3063
2945
3707
1554
1555
3642
4161
4578
2709
3641
4657
4827
1285
3062
188
532
633
246
488
2197
4826
943
187
3640
4825
3920
4024
3211
3919
4023
487
3706
942
3639
4577
186
3638
4576
3918
4022
2267
2323
3637
3059
3060
3061
2266
2322
4575
486
1101
4656
3917
4021
1100
632
941
4824
3210
2196
1553
185
3284
3209
184
3636
4823
531
1099
1602
940
100
939
99
631
1098
3208
3800
3704
3705
2708
938
2265
2321
3635
4574
3916
4460
3915
4459
3058
2264
2320
3634
4573
1097
3633
4727
4822
98
1284
2707
2944
3914
4020
4821
1283
3283
3913
4019
3912
4018
3703
1096
183
1552
4655
245
485
4017
3911
4016
3910
4015
3909
4014
3908
4013
4156
630
3282
3702
4155
3907
4012
4154
3906
4011
4153
2943
3701
4152
3632
3905
4151
4726
3904
1095
3631
3700
4150
4572
4820
1916
3903
4010
4149
3699
4148
3902
4147
3281
3630
4819
4818
3629
4571
244
484
4146
1094
1093
1282
3628
4570
483
2942
3207
243
2195
3627
4817
1281
1092
242
2941
1280
2194
3057
3626
4816
97
2263
2319
482
4654
2193
1279
2706
937
629
3625
4569
936
3624
4815
3056
1915
628
1914
3054
3055
1278
1091
1090
3053
2705
182
96
1089
181
2940
3052
2704
1088
481
480
180
3051
2703
95
1087
1277
479
179
1086
3049
3050
94
478
935
530
3280
1085
3047
3048
529
3623
4653
241
178
2939
3045
3046
4160
528
934
3044
1084
4568
933
2608
1276
2938
3043
3697
3698
4814
93
4725
3040
3041
3042
4652
2937
4651
2936
3038
3039
3206
2935
2934
4650
2931
2932
2933
3167
527
1551
477
2867
3037
3166
177
92
176
627
1082
1083
1273
1274
1275
2192
1080
1081
2191
175
2866
3036
91
90
526
89
476
174
88
525
240
2190
87
1079
1272
1394
2187
2188
2189
86
84
85
83
524
1550
173
475
523
4009
172
4286
239
474
522
626
238
4236
4567
82
4458
237
1601
1600
1694
1693
1692
1691
1599
4356
1598
4457
4008
1548
1549
4456
4455
3696
2865
3035
4454
1547
4453
1545
1546
3622
4007
4145
4649
4813
3165
1544
1078
2930
3164
4006
932
4452
4005
4004
4144
4451
2862
2863
2864
3205
1271
3204
4450
4449
2262
2318
4566
4812
81
473
2859
2860
2861
80
2929
3163
4003
4143
2858
3162
2855
2856
2857
1270
1393
79
3161
1077
3034
171
3901
4002
4142
1392
2186
170
472
169
3900
4001
4141
1269
1543
3695
1076
4648
4811
471
2854
2928
3033
3160
1391
2261
2317
4565
1913
470
4810
2927
3159
3621
4564
469
168
3620
4647
4809
2852
2853
3694
4140
3899
4000
4139
2607
3898
4138
468
3619
4646
4808
3897
3999
4137
167
467
1390
1542
166
3693
931
2851
4645
3203
625
1389
2185
2702
3158
165
3692
4136
1268
2850
3618
4563
78
521
1541
3279
1267
4644
4807
1540
930
2606
3617
3691
4135
466
929
4562
164
2605
3616
1388
2078
2077
2076
1988
3896
4134
77
1074
1075
163
2926
3157
1987
2849
3690
4133
76
2701
1912
75
1073
4561
3567
3201
3202
2925
3156
3032
2184
162
1072
1387
2183
3155
74
3200
3278
3565
3566
2848
3564
520
3895
4132
3030
3031
3154
3562
3563
161
3615
4560
2847
3614
4131
1194
2846
3561
73
4806
72
1193
1911
2845
519
3560
1386
2843
2844
1385
3894
4130
1192
3559
1191
3558
71
1384
2924
3153
160
70
3029
1190
1189
159
1266
3893
4129
1188
3467
69
465
624
1186
1187
2182
3557
3556
4559
3277
1185
1184
518
3028
3466
1183
3998
4128
1383
1382
2181
3555
1265
2700
2699
2180
68
464
623
2260
2316
3613
4805
1381
3612
4804
928
2604
3611
4558
1380
3465
2842
3152
1071
3199
67
622
1070
4557
4643
66
1069
236
3151
2841
3554
3276
4556
2840
3150
1068
3553
2839
2698
1539
235
1067
3149
3148
3464
1264
1379
2179
2495
2838
3463
2697
927
3610
4803
1910
3551
3552
3609
4802
2837
1066
1538
1065
1378
3550
3147
2494
463
158
3549
2259
2315
3608
4801
157
1493
2493
1064
3548
1263
2836
3198
3607
4800
462
1492
2835
3462
1909
1262
1377
2178
2923
3146
461
3027
3461
3606
4642
4799
1491
3197
3460
2834
1063
2922
3145
1490
156
4641
926
4798
1261
1376
1489
1259
1260
925
1488
2492
460
2491
2921
3144
1258
2833
459
924
2603
3026
3459
3458
3025
155
458
1487
2490
3275
457
3196
4640
1062
1375
2258
2314
3547
1257
1486
2696
1256
1061
2489
3605
4555
1485
2487
2488
1484
1060
2486
1059
1374
1483
2485
1482
2484
923
456
1373
2483
2920
3143
3546
65
455
1481
2482
1372
1371
1480
64
2257
2313
3195
1255
1370
1479
2481
1058
3545
3604
4554
1057
2595
1254
1369
2594
1056
1253
1367
1368
2177
2593
2592
1478
1537
4797
1252
1477
2480
2479
2591
2478
2477
2695
3603
2589
2590
3194
234
3193
2694
3274
2693
3192
454
233
621
1688
1689
1690
1687
154
63
620
4355
4724
4235
232
4409
453
231
62
61
60
153
2692
1251
152
619
59
151
517
230
618
2602
229
228
150
2173
2174
2175
2176
3191
149
3190
3273
4234
4354
1536
1908
1907
3835
4285
58
1535
4639
1906
1534
452
1905
148
617
1904
147
1903
1902
2601
1901
227
451
146
145
2256
2312
1250
2691
4233
57
616
1533
226
450
1248
1249
1055
2689
2690
1247
2688
516
1246
144
4638
225
143
142
4284
1532
1531
1530
922
2255
2311
1900
1899
1898
1529
1528
1897
1527
1896
1895
1894
1245
1893
2170
2171
2172
4232
3189
1244
3834
1243
3997
1892
1891
1890
3799
224
3798
1242
1526
3797
3796
3795
1525
4637
1524
56
55
449
921
3023
3024
448
141
4636
3022
1054
4159
2254
2310
1241
447
4158
1053
2169
1240
1052
140
139
2253
2309
4796
3021
2687
223
3996
222
446
221
445
138
1523
444
137
220
443
515
2252
2308
442
136
54
2168
441
135
514
1522
4795
1051
134
4635
2919
1889
1888
3544
3543
3542
133
53
2831
2832
3541
2918
1521
4231
2830
3540
3539
3538
2917
2251
2307
2828
2829
2827
2916
1050
440
2826
2915
3537
3020
3019
3536
52
439
132
2914
3535
51
2913
2912
3016
3017
3018
2911
3015
219
2910
2909
131
2907
2908
3141
3142
2906
3140
2824
2825
2588
50
2901
2902
2903
2904
2905
3134
3135
3136
3137
3138
3139
1049
2476
3534
3133
3132
2821
2822
2823
2899
2900
3130
3131
3188
48
49
438
1046
1047
1048
1233
1234
1235
1236
1237
1238
1239
1362
1363
1364
1365
1366
1476
2167
2474
2475
2584
2585
2586
2587
2686
1361
1475
2472
2473
2581
2582
2583
1474
47
130
2580
2579
1520
46
129
3995
3994
2471
2575
2576
2577
2578
3993
2574
2166
3992
1881
1880
513
1879
1519
1878
4353
1877
2573
45
512
1876
1875
4283
1874
3833
128
1873
511
218
217
44
4127
4448
3533
1045
4447
4446
4445
3532
1518
3689
900
3688
4444
1517
43
4443
1232
898
899
1044
4442
1516
3991
4126
1043
1473
2469
2470
2817
2818
2819
2820
3012
3013
3014
4282
1472
3602
4553
3687
42
897
41
3990
920
127
3686
2250
2306
3685
4552
896
2572
3011
4441
1180
1181
1182
1231
1357
1358
1359
1360
1470
1471
2162
2163
2164
2165
2468
2816
3009
3010
3129
3457
3187
3989
1515
1869
1870
1871
1872
3684
1179
1230
437
919
4551
3531
4125
4440
3456
1887
510
895
3529
3530
1042
1356
2467
3008
3454
3455
1355
3007
3453
1885
1886
1178
1514
3452
2814
2815
3528
1177
3006
3451
1040
1041
1176
1354
2466
918
3450
40
126
509
894
1039
2465
1038
1229
893
1037
2464
2812
2813
1036
1469
2463
3527
1512
1513
1175
3449
2898
3128
4230
3127
2462
2571
3832
3988
4124
4229
4397
3526
1884
1035
1867
1868
2570
3004
3005
3447
3448
4123
4439
2161
436
917
2249
2305
2811
916
1173
1174
2569
3126
3446
1468
2160
2461
892
1353
39
891
3445
125
800
3125
3892
4438
615
890
3683
38
915
2600
4634
798
799
3444
3682
2897
3124
3523
3524
3525
1467
3123
889
914
4794
1597
1352
1466
2159
2460
1172
1465
124
797
3443
3522
2075
3891
3987
1228
1351
3442
1866
2074
4550
1227
1511
3002
3003
3440
3441
3521
2073
4633
1986
1985
2599
4549
1464
1984
2158
2459
1350
1865
1463
3122
888
3520
1462
1863
1864
3186
37
435
1862
434
887
3986
4122
4632
216
433
1461
4793
3890
3985
4121
3519
796
3889
3984
4120
1460
2248
2304
2568
2896
3121
3185
432
3439
3183
3184
885
886
431
795
2810
3438
3601
4792
1861
2809
3437
3000
3001
3436
3518
884
4723
883
123
882
2567
881
36
794
1034
2458
35
1349
880
3120
879
1860
430
793
878
3888
3983
4119
792
913
3600
4791
1859
2894
2895
3118
3119
122
429
791
877
2566
34
790
875
876
2457
3116
3117
33
428
789
2565
3182
788
787
2808
1348
1858
3681
4118
1347
2685
1171
1459
2456
2684
3599
4790
614
786
32
784
785
1226
3435
1170
31
30
2999
3433
3434
3597
3598
4548
4722
4789
874
3432
1346
1857
29
1856
28
427
783
912
1033
1225
911
1169
4547
1855
1032
1458
2157
2455
1854
3115
781
782
873
27
872
2807
1168
2806
3431
3517
1167
1166
1852
1853
2564
1165
1457
2563
3430
2683
2893
3114
3516
780
1163
1164
1851
26
613
2562
779
1224
2561
2892
3113
1162
2998
3429
612
778
2560
121
777
1031
1456
2454
215
871
1455
2891
3111
3112
1345
1453
1454
2155
2156
2452
2453
3515
426
775
776
870
1161
1452
2682
1344
1451
1850
2451
2804
2805
2681
3428
1160
120
425
774
869
1159
1450
3596
4546
1030
119
1848
1849
118
868
1158
3982
4117
25
1157
3514
117
773
3981
4116
3110
3980
4115
1343
2450
3595
4545
1029
1510
24
3887
3979
4114
2559
3594
4788
2558
2802
2803
4113
4112
400
772
1844
1845
1846
1847
4111
4157
2557
3886
4110
4437
508
4109
1342
1449
2556
1842
1843
424
3885
3978
4108
1156
1448
1155
2801
3884
3977
4107
1223
1839
1840
1841
771
2555
3883
3976
4106
3513
1838
3975
4105
1340
1341
867
116
1837
3427
866
3512
1339
770
1028
1338
1153
1154
1835
1836
23
399
769
865
3882
3974
4104
2554
423
1834
1337
1447
422
768
1027
1336
1446
2154
3881
4103
115
398
864
2449
395
396
397
611
767
3593
4544
3426
1832
1833
394
610
1445
2680
3880
3973
4102
393
766
3680
4101
3425
421
1152
2890
3109
1151
391
392
862
863
765
1444
1509
22
390
420
1150
3592
4543
389
419
764
861
2448
3423
3424
387
388
418
763
859
860
1026
1149
2553
386
3422
1335
2447
3421
1148
1443
2800
3591
4542
858
1442
762
3590
2679
1334
1441
4787
857
2889
3108
1440
2446
3420
3794
4100
3793
4099
21
384
385
761
856
4541
3792
4098
2996
2997
3419
3418
3791
4097
910
3790
4096
383
507
609
855
2552
760
1830
1831
2995
3417
382
3511
4540
1333
2678
3107
1829
2551
1332
1147
1330
1331
1437
1438
1439
2444
2445
2550
1508
909
3416
2677
3510
3589
4631
4786
381
759
1436
2549
1145
1146
2442
2443
2888
3106
2548
3509
1507
1828
20
380
2799
2547
2887
3105
1144
1222
1435
2441
3104
114
379
758
1434
2153
2440
1025
2439
2546
2994
3415
2247
2303
2598
2992
2993
3181
3414
4539
378
2545
3508
214
377
417
757
3588
4785
1221
854
3180
1220
376
756
2544
3179
3587
375
2543
2798
1142
1143
3586
4538
506
2541
2542
3507
755
1024
1329
1826
1827
3413
3506
1023
2438
3178
1219
1825
3412
1433
2437
374
852
853
1328
2436
754
373
753
2540
372
851
3505
2435
2539
1432
2434
1022
1327
1431
2433
2538
113
371
752
850
1824
370
608
751
1430
2432
1141
1429
2990
2991
1428
1218
1140
1427
369
750
112
2989
368
2988
849
1217
111
848
416
1216
2987
1215
2986
2676
1021
2985
110
2984
2983
415
367
847
213
1020
908
1019
1506
4630
109
1018
1214
846
1017
1505
4228
1326
2797
108
366
2981
2982
2886
2796
2885
2246
2302
845
2795
414
107
607
3177
4537
2883
2884
106
749
844
2794
2882
365
843
505
842
2793
2977
2978
2979
2980
3411
19
2792
2976
3410
2881
18
364
606
841
363
840
1139
3504
3101
3102
3103
2877
2878
2879
2880
3095
3096
3097
3098
3099
3100
362
748
839
361
2537
3094
360
838
3503
3502
2791
1138
3093
2876
3092
1504
359
747
1325
3091
3500
3501
1016
3090
17
746
2789
2790
3408
3409
4629
16
837
1137
1213
1426
1010
1011
1012
1013
1014
1015
1211
1212
1320
1321
1322
1323
1324
2151
2152
2428
2429
2430
2431
2533
2534
2535
2536
105
358
745
1009
1210
2427
2532
15
4352
357
836
14
212
356
605
1209
13
604
1319
2426
2675
3499
104
744
413
743
2531
742
211
355
741
835
2425
1208
1136
2530
2529
354
740
834
210
353
739
833
1318
352
738
103
209
351
737
4436
350
603
832
2528
4435
831
830
5194
4434
4226
4227
5693
2788
208
349
602
829
1822
1823
828
348
412
736
827
826
347
825
346
411
504
735
824
4433
345
1503
1502
4432
344
601
734
823
3972
4095
4431
733
343
1008
4784
1501
3498
822
1686
1685
2150
1135
1425
4430
1684
1682
1683
1596
4628
2597
4627
4626
3971
4094
1007
1207
1317
1423
1424
2149
2423
2424
2784
2785
2786
2787
3401
3402
3403
3404
3405
3406
3407
1206
821
907
4625
3679
4429
3970
4093
12
1821
342
732
731
1006
1422
2422
1205
1316
1421
2148
2421
3400
3678
341
819
820
3677
340
730
3497
339
338
729
3676
3585
3675
3399
2420
3674
1132
1133
1134
1204
1420
2419
2782
2783
3175
3176
3398
3494
3495
3496
337
728
207
1131
336
3089
2781
335
818
3397
3493
1500
1130
1203
1419
2418
2974
2975
3395
3396
3491
3492
3490
334
503
333
817
3489
2245
2301
4536
4783
906
3584
4535
206
332
727
502
1820
1499
4092
4428
331
726
1129
2780
3088
3174
3488
1128
2417
3673
205
410
725
11
905
2596
2779
5871
3394
3087
1202
10
330
409
724
2875
3086
329
723
3393
1883
1819
2527
3392
4534
5224
1127
1418
1817
1818
3969
4091
4427
1126
2244
2300
3583
3487
328
722
3391
2778
1498
3486
3085
1125
2416
2777
3390
3582
3968
4090
1814
1815
1816
327
408
721
1417
326
720
1315
3879
3967
4089
3878
3966
4088
4782
904
2874
2972
2973
3084
3389
4533
1201
1314
1416
1812
1813
3388
2873
3083
2776
3082
9
407
719
3387
3485
816
1124
3173
2775
3484
3672
1811
3483
2147
2415
2526
1497
815
903
4532
1123
1415
1313
1496
2145
2146
1312
1414
2144
3877
3965
4087
204
325
814
4624
1122
3172
1810
324
717
718
813
8
1121
2872
3081
7
323
716
812
2525
1595
1809
3386
3482
102
322
1594
1808
5656
3481
2524
3272
1120
2774
1983
2773
1982
4781
406
715
321
714
1311
1807
1310
1413
1805
1806
1495
2143
3876
4086
1309
1412
1804
319
320
712
713
2072
811
1005
1119
1411
2414
1200
2071
2413
2523
2070
318
810
1802
1803
3480
1308
1410
1118
1409
3385
1117
2522
1801
1116
203
317
405
711
4780
2521
1408
1800
2412
1799
316
809
1004
1407
2411
1798
6
315
404
710
3080
2674
314
501
709
2520
2871
3079
1003
2519
5
808
3383
3384
1307
101
313
708
807
202
311
312
706
707
1002
4085
403
1306
1406
2410
902
3581
4721
4779
4084
1305
4623
4778
402
806
2518
4
309
310
401
704
705
805
3382
3479
3875
3964
4083
2517
2516
2409
3580
4777
1001
3874
3963
4082
5448
3
308
804
307
803
3579
4531
306
703
901
2243
2299
3578
4530
1797
1796
1304
1405
2142
1
2
201
303
304
305
701
702
1404
2971
3381
2771
2772
4776
1303
2673
4775
302
802
1115
1302
3379
3380
3478
2672
2515
3477
2514
3378
3873
4081
4426
1114
1403
1795
2408
3577
4529
1794
3271
301
801
1113
3576
4774
5162
5305
1112
3476
1110
1111
1793
1301
3270
2513
1792
3872
3962
4080
3269
1402
1791
3475
3268
3474
1400
1401
2407
1199
2512
1109
1300
2870
3078
1107
1108
1198
1399
3871
4079
4425
2970
3377
1105
1106
1494
2242
2298
2511
3575
4528
5223
1104
1196
1197
1299
2510
5122
5304
5537
3671
4078
1103
1102
4773
5121
5302
5303
2406
3376
5447
1195
1298
1882
2509
4077
4225
5161
5301
5536
2770
5300
1297
1398
2671
3375
1790
5014
5222
4076
4224
3374
3473
3870
4075
4424
5193
1397
1789
3472
5299
1296
1788
3574
4527
5092
5221
5298
1295
3170
3171
5053
1396
2141
2405
3169
5220
5052
5297
5578
3168
5446
2670
2508
1786
1787
1784
1785
5535
5577
5386
5120
1395
5091
5160
5219
5296
3471
5534
5051
5192
2507
2668
2669
5385
5489
3373
5384
5119
5383
2869
3077
5382
5445
5488
5090
3076
5487
2241
2297
3573
4526
4622
4772
5050
5381
5089
3075
2140
1782
1783
5013
5380
5486
5623
5295
2506
5533
2404
3572
4525
5294
5410
5622
2505
3869
4074
4423
3372
3868
4073
4422
5011
5012
5293
2868
3074
2969
3371
5292
5485
3370
5291
3470
5290
3073
3469
5088
5289
2403
3369
5621
6045
6044
5010
3468
2769
3072
5444
5903
2401
2402
5620
2968
3368
5379
5049
5159
6043
5009
5191
3071
3867
3961
4072
5158
5619
3866
3960
4071
4771
5048
5218
5378
3865
3959
4070
5157
5532
5646
2240
2504
3069
3070
5531
5901
5902
2399
2400
2503
5008
5377
3864
3958
4069
2768
5576
5618
2502
5190
2398
5189
2501
3863
4068
4421
5007
3862
3957
4067
5006
2500
2397
5288
5530
2499
4968
5156
6041
6042
6078
5617
2396
3571
4524
5409
5443
5484
5736
4967
5376
2498
2497
5155
5483
2296
2496
4523
5575
3570
3569
4522
5005
4966
5118
5154
5287
5375
5574
5374
3068
5573
5900
5373
5616
5870
3669
3670
4065
4066
3861
4064
5529
5572
5615
5482
5614
6077
3860
4063
5153
5286
3668
4062
5442
5571
5613
3859
4061
4965
5372
5481
3568
4770
5612
6076
5004
5931
6040
3858
4060
5611
3857
4059
5480
5869
6039
4621
5003
5408
4964
5371
5479
5528
5610
5841
5997
5002
4521
4963
5370
5441
5608
5609
5769
5770
5771
6305
5570
5607
6038
5478
4058
5605
5606
5767
5768
6156
6037
4057
4962
5152
5285
6155
4769
6097
5477
5117
5961
4961
5369
5809
4960
5116
5840
5899
5960
6036
4959
5368
5930
6035
4958
5367
5569
5604
5475
5476
5959
5996
5440
5568
5766
6216
6233
5808
6096
4957
5151
5284
5995
5807
5958
5474
5283
5806
6034
5527
5115
5188
4956
5805
6232
5150
5735
6095
6205
5804
5526
5986
4955
5087
5366
5439
5438
5724
5407
6094
6204
5365
5086
5047
5085
5046
5692
5691
5839
5217
4954
5364
5838
5837
6220
6174
5084
5083
6160
4953
5149
5645
5187
5045
5044
5723
5216
5186
5215
4952
5363
5114
5214
5396
6304
5113
5185
5112
5184
5111
5110
5213
5109
5108
5655
5654
5653
5107
6109
5644
5985
5212
5984
5983
5667
5666
5982
5665
5664
5652
5651
5643
5642
5690
5689
5106
5641
5898
5603
5082
5688
5836
5897
5105
5994
6108
5640
5896
4951
5602
5639
5722
5699
5698
5697
5721
5835
6107
5895
5183
5600
5601
5599
5834
5980
5981
5687
6159
6173
5081
5104
5406
5833
5993
5042
5043
5979
5080
5598
5148
5362
5894
5181
5182
5211
5597
5079
5638
5395
5596
5041
5078
5978
5595
5977
5893
5832
5594
5147
5282
5593
5592
5831
5077
5591
5040
5210
5590
5892
5830
6219
5589
5588
5813
5038
5039
5637
5587
5585
5586
5584
5891
5829
5583
6154
5394
4950
5281
6176
5582
6175
5076
5976
5581
5975
5209
5580
5579
6813
4949
5146
5525
5075
5686
5685
5037
5828
5393
5636
5720
5890
5524
5392
5827
6215
5361
4948
5074
5036
5145
5280
5734
5180
5279
7618
5035
5826
5889
5179
5208
5103
5178
5144
4947
5360
5143
5142
5141
5733
5278
5635
5825
5684
5207
5974
5992
5523
6167
6168
6169
6170
4946
5140
5277
5973
4945
5972
5732
4944
5034
5971
5888
4943
5139
5206
5276
5991
5824
5970
5033
5275
5073
5522
5812
5521
5823
5969
5437
5719
5731
4942
5274
5031
5032
5205
5177
5520
5436
5102
5519
5518
5138
5204
5176
5435
5517
5175
5718
5030
5203
5516
6303
4941
5072
5649
5650
5359
5434
4940
5358
5101
5273
6521
5717
4939
6172
5887
5029
5137
5663
6158
5662
5886
5660
5661
4938
5357
5822
5405
5730
5929
5659
5515
5658
5657
5433
6153
5202
5356
5028
5355
5885
5354
5928
5136
5927
6203
5925
5926
5924
5923
6075
5922
5920
5921
5135
5272
5919
6101
6102
6103
6104
6105
5918
5071
5883
5884
6074
5174
5881
5882
5917
5391
5432
5567
5765
6073
6072
5880
5877
5878
5879
5955
5956
5957
6231
5954
6389
5431
5916
6214
4937
5353
5070
6213
5173
4936
5027
5352
5867
5868
5566
4935
5069
5425
5426
5427
5428
5429
5430
5513
5514
5711
5712
5713
5714
5715
5716
5761
5762
5763
5764
5512
5760
4934
6508
6510
5026
5068
5350
5351
4933
5067
4932
5025
5349
5510
5511
4931
5271
4930
5100
5270
5866
5915
5565
5710
5802
5803
5269
5801
6070
6071
4929
5134
5201
5268
5348
5800
5509
4928
5066
5347
5346
6509
4927
5024
5133
5267
6190
5266
5953
5132
5265
5799
5798
5099
5172
5171
5345
5170
5097
5098
5200
6069
6189
6188
4926
5169
5344
6068
5131
5264
5168
5263
6099
6100
5648
6098
6202
5683
6187
5634
6186
6067
6185
5682
5681
5343
5633
5262
5694
6066
5647
5199
5342
5695
5404
5261
5403
5424
5632
6212
5865
6211
6218
6230
5858
5859
5860
5861
5862
5863
5864
5914
5952
5508
5564
5709
5758
5759
5821
5857
6093
6201
5631
6132
5130
6065
5630
6064
5729
6229
5260
5756
5757
4925
5259
5341
5402
5856
6210
6228
5728
5471
5472
5473
5505
5506
5507
5562
5563
5708
5855
5913
6033
5340
6106
5951
4924
5949
5950
5096
5258
5706
5707
5968
5629
6826
5065
5339
6302
5946
5947
5948
5023
5257
5944
5945
5338
5912
6032
4923
5167
5256
4922
5064
5337
6184
5336
5854
5911
6031
5423
5504
5561
5755
5255
5696
5910
6030
5422
5811
6092
5421
5853
5420
5335
5680
5095
5470
6029
6131
6183
4921
5754
5753
5876
5943
5852
6130
5797
6164
6165
6166
5419
6028
5679
5022
5334
6027
6063
6061
6062
5560
6129
5678
5875
5942
5468
5469
5503
5851
6026
6182
4920
5940
5941
4919
5401
6128
5967
5466
5467
6200
5628
6300
6301
5063
5727
6091
6199
6025
6060
4918
5062
5333
6209
5627
5939
5909
6024
4917
5254
5796
5677
5559
5752
6127
5400
5810
6090
6227
4916
5332
5061
4915
5331
5966
5990
5465
5558
6208
5001
5330
5502
5705
5751
5501
6126
5464
6125
5820
5676
5253
6059
6124
6152
4914
4998
4999
5000
5060
4913
4997
5198
5252
5675
5874
5938
6023
6058
4996
5463
5500
5850
6022
4993
4994
4995
6021
6299
6020
5129
5819
5674
6019
5937
6088
6089
6198
6217
6226
6018
6057
5673
5848
5849
6297
6298
4912
5094
4910
4911
5059
5462
6123
6151
4909
5329
5626
5672
4908
5251
5461
5847
5460
6150
6162
6163
6181
4907
5093
6017
6161
4906
5390
6120
6149
6180
5795
5557
6016
6056
5459
5794
6119
6122
6148
4905
5058
5197
5328
4990
4991
4992
5128
5250
5936
5793
5625
7210
7225
7241
5556
5704
5908
5792
4904
4989
5127
5249
5327
6055
4903
5248
5326
5555
6015
6054
4902
5325
5818
5417
5418
6014
5458
5817
5554
4901
5020
5021
5247
5324
5671
5965
4988
5553
5750
4900
5323
5989
4899
4985
4986
4987
5322
5670
4898
5246
5988
6053
6225
4897
5019
5245
5907
6013
6118
6147
6179
5243
5244
5846
5935
5552
5749
5669
5399
5726
5816
6087
6197
5057
5551
5845
6012
6207
6224
6296
4896
5550
5791
5906
6011
4895
5126
5242
5549
6086
6117
6146
6178
6206
6223
6116
6145
6177
5389
6295
4894
4984
5166
5320
5321
6052
4893
5241
5319
5548
5416
5056
5239
5240
5388
5415
5547
6144
6157
5318
5457
5987
6010
5815
5873
5934
6143
6171
4892
4982
4983
5317
6294
6051
6009
5456
4891
5196
6293
5165
5455
5844
4890
5316
5454
5790
4981
5164
5545
5546
5668
5748
5398
5453
5789
4889
5238
5499
5788
5905
5933
6008
7091
7092
4979
4980
5787
4887
4888
5018
5125
5163
5237
5315
4886
5236
6050
4977
4978
4885
5314
4884
5235
5498
4883
5312
5313
5414
5451
5452
6520
4882
4976
5124
5234
4975
4881
4973
4974
5233
5544
5786
5964
5055
5232
4880
5311
6196
6292
4879
5017
5309
5310
6007
4878
5450
5449
6400
5747
5785
4972
4877
5231
5543
4971
5413
5541
5542
6084
6085
6222
5016
5784
7200
5540
5746
5539
5872
5904
5932
6006
4876
4874
4875
4970
5054
5229
5230
5308
4873
5123
5228
5412
6005
5411
4872
5015
5226
5227
6004
6049
5963
6003
5783
4871
5307
5225
6291
6083
6195
4870
5195
6142
6290
5497
5782
6141
6002
5496
6140
4869
4969
6001
5397
5495
5745
5814
5781
6139
7242
6289
5780
5744
5962
6000
6115
6138
6287
6288
6399
7224
5306
5494
5725
6082
6284
6285
6286
5779
5493
5387
6048
6194
5777
5778
6081
5492
5843
5538
5702
5703
6114
6121
6137
6281
6282
6283
6280
6279
5491
5701
6482
6277
6278
5743
5999
6273
6274
6275
6276
5742
5490
5776
5998
6271
6272
5842
5775
5774
6270
6269
5741
6268
5624
6265
6266
6267
5773
6193
6262
6263
6264
6891
5740
6261
6113
6136
7223
5739
6260
6112
6135
6259
5700
5738
5772
5737
6258
6256
6257
6255
6080
6111
6134
6192
6221
7108
6254
6481
6253
6346
6251
6252
6047
6890
6046
6250
7140
6246
6247
6248
6249
6110
6133
6245
6079
6191
6242
6243
6244
6241
6239
6240
7016
7017
7139
7348
6238
6236
6237
6235
6345
7138
7061
6234
6646
7015
7090
7137
7014
7060
7136
7209
7222
7240
6889
7208
7239
6825
7175
7191
7347
7238
6388
6480
6479
6645
6344
6879
6923
6981
7059
6684
6478
6643
6644
6343
7102
6342
7207
7221
7237
6477
6642
7206
7236
6341
6922
6398
6964
6476
6580
6641
6340
6963
6962
7346
6961
6475
6507
6711
6888
6960
6656
6921
7058
6683
6579
7057
6370
6980
6369
6506
7034
6682
7107
6878
7106
7345
7101
6505
6532
6877
6979
6387
6710
6504
6709
6655
6887
6708
6397
6707
6640
6853
6681
6368
6824
6852
6978
6386
6851
6531
6823
6639
6503
7033
6502
6680
6706
7056
7055
6501
6679
7249
6886
6519
6977
7344
6638
7245
6530
7054
6474
6518
6637
7032
7343
6473
6636
7174
7031
7053
6500
7052
7051
7050
7049
6367
6499
7341
7342
7048
6678
6705
7173
7172
7030
7171
6498
6578
6366
7170
7047
7193
7194
7195
7196
7197
7198
7199
7089
6976
7011
7012
7013
7028
7029
7085
7086
7087
7088
6968
6472
6635
7169
7010
7027
7083
7084
6634
7168
6704
7447
7082
7009
7046
7026
7081
6385
6577
7008
6471
6633
7025
7080
7007
7024
7079
6959
7004
7005
7006
6365
6364
6632
6676
6677
6698
6699
6700
6701
6702
6703
6777
6874
6875
6876
6696
6697
6776
6871
6872
6873
6919
6920
6958
6363
6384
6470
6529
6576
6631
6675
6362
6630
6361
6575
6775
6869
6870
6360
6469
6528
6629
6527
6468
6526
6574
6628
6918
6957
6467
6573
6627
7340
6383
6466
6572
6626
6625
7045
7167
6382
6465
6571
6624
6396
6464
7166
6654
6850
7339
6674
6774
6916
6917
6381
6463
6570
6395
6462
6623
6461
6497
6517
6460
6496
6569
6695
6673
6915
6394
6459
6393
6458
6516
6622
6457
6621
7165
7164
6359
6456
6525
6620
6455
7260
7259
6358
7258
7257
7256
6830
7246
7247
7250
6829
6653
6967
7338
6822
6495
6568
6619
6672
6833
6832
6831
7220
6618
7219
6671
6694
7163
6821
6828
6827
6380
6617
6693
6454
6820
6392
6494
6567
6692
7812
7811
7922
6453
6616
7044
6670
7002
7003
7162
7043
7161
6391
6452
6566
7160
6885
6615
6819
6390
6614
7078
7218
7235
7077
6451
6565
6450
7001
7042
6449
6564
6914
7000
7040
7041
7100
7159
7099
6448
6613
7217
6999
7076
6849
7216
6357
6447
6563
6612
7337
7075
7023
7074
7135
6446
6562
7039
7134
6818
7215
6379
6848
7255
7254
6956
7253
6773
6445
6515
6561
6611
6847
6514
7252
7073
6610
6846
6997
6998
6378
7214
7244
7248
7038
7133
7158
7157
6845
7072
6844
6356
6444
6560
6749
6559
6843
6669
6913
6668
6609
6772
6842
6868
7336
7132
6748
6994
6995
6996
6355
6443
6493
6558
6608
6817
6841
7098
6667
6338
6339
6840
7037
7131
6666
6912
6812
6859
6955
6747
6811
7155
7156
7212
7213
7234
6858
6857
7154
6442
6524
7211
7233
6856
6441
6492
6746
7071
7130
6867
6440
6665
6744
6745
6771
6810
6953
6954
7105
7153
6491
6911
6910
6490
6439
6354
6438
6557
6337
7129
7097
6335
6336
6607
7128
6809
6334
6437
6513
7152
6436
6556
7127
7192
6770
6866
6333
6377
6435
6993
6331
6332
6743
6884
7335
7205
7232
6652
6769
6966
7190
6975
6768
6865
7022
7070
6742
6839
6330
7104
7204
6329
6434
6606
6741
6952
7126
6651
6883
6965
7334
6855
6951
6767
6838
6740
7189
7332
7333
6691
6854
7125
7151
7231
7251
6605
7036
7124
6766
6808
6950
6376
6433
6604
6765
6807
6864
7096
6992
6326
6327
6328
6432
6603
6974
6764
7123
7203
7230
7202
7229
7021
7069
7122
6325
6806
6909
6991
6431
6555
7651
6738
6739
7095
6816
6837
6973
6805
6863
6430
6554
6650
6737
6353
6602
6736
6804
6375
6324
6601
6763
6803
6908
7121
6429
6553
6836
7120
6907
7020
7068
6428
7188
7331
6352
6427
6600
6599
6762
7035
7119
6598
6323
6426
6597
6552
6690
6972
6425
6551
6596
6322
6949
6321
6489
6735
6761
6802
6862
6906
7094
7118
7187
7329
7330
6320
6990
7186
7327
7328
7326
6424
6550
6595
7019
7067
7117
7150
6318
6319
6549
6989
7325
6315
6316
6317
6488
6801
6948
6423
6594
6689
6800
6861
6905
6835
7116
6946
6947
7149
7228
6649
6882
7148
7185
7324
6904
6945
6760
6799
6903
6971
6734
6798
6944
6970
7115
7147
6815
6648
6759
6797
6902
7114
6593
6733
6796
6901
6943
7113
6834
6942
6732
7201
7227
6731
6900
7103
6664
6941
7184
7323
6730
6312
6313
6314
7322
6351
6374
7112
7146
6311
6988
6795
7183
7321
6421
6422
6487
6512
6548
6758
6899
7111
7145
7144
6757
6940
6350
6419
6420
6547
6592
6756
6969
7066
6418
6546
7018
7065
6417
6310
6415
6416
6486
6545
6591
6349
6688
6728
6729
6413
6414
6544
6590
6727
7317
7318
7319
7320
7446
7110
7143
6412
6511
6589
6647
6881
7316
6411
6588
6410
6485
6543
7226
7243
6523
6542
6726
6755
6794
6898
6939
6408
6409
6541
6663
6793
6897
7182
7315
6754
6792
6896
6687
6987
7064
6686
6791
6938
7109
7142
7314
6937
6484
6789
6790
6309
6725
6308
7141
6724
6373
6407
6540
6587
6662
6788
6348
6406
6586
6723
6786
6787
6307
6722
7313
6661
6785
6935
6936
7311
7312
6934
7310
6539
6933
6538
7181
7309
6784
6895
7063
6372
6585
7639
6537
6405
6932
6986
6931
6814
6404
6721
6720
6536
6985
6584
6371
6660
6783
6403
6535
6583
6717
6718
6719
6930
7180
6522
6659
6716
6983
6984
7445
7308
6347
7307
6715
6929
6483
6534
6753
7062
6658
6782
6894
7306
6402
6582
6752
6927
6928
6401
6533
6581
6880
6926
7179
7305
6714
6781
6893
7303
7304
6860
6713
6751
6780
6892
7301
7302
6712
6925
6657
6778
6779
6685
7178
7299
7300
6982
7093
6750
7298
7297
7296
7177
7293
7294
7295
7921
7290
7291
7292
6924
7289
7287
7288
7286
7285
7176
7284
7830
7279
7280
7281
7282
7283
7278
7413
7276
7277
7273
7274
7275
7412
7272
7268
7269
7270
7271
7410
7411
7267
7266
7265
7409
7263
7264
7262
7261
7408
7728
7920
7407
7406
7638
7617
7405
7444
7650
7726
7443
7637
7616
7725
7727
7829
7724
7491
7723
7442
7722
7721
7615
7720
7719
7636
7919
7479
7649
7478
7590
7589
7718
7588
7648
7441
7477
7635
7918
7634
7917
7476
7475
7717
6306
7404
7403
7490
7587
7489
7633
7474
7647
7440
7488
7473
7632
7631
7614
7916
7915
7914
7913
7472
7613
7439
7438
7912
7911
7586
7630
7910
7909
7471
7716
7487
7585
7715
7486
7470
7469
7612
7742
7908
7758
7584
7779
7468
7611
7714
7907
7906
7905
7467
7713
7466
7583
7582
7610
7712
7904
7465
7581
7609
7464
7778
7437
7608
7711
7580
7607
7903
7463
7579
7578
7902
7901
7606
7900
7605
7710
7435
7436
7577
7646
7462
7899
7709
7604
7898
7897
8459
8460
7603
7576
7602
7708
7461
7575
7460
7707
7896
7574
7895
7894
8673
7573
7434
7572
7571
7706
7570
7430
7431
7432
7433
7569
7601
7703
7704
7705
7568
7567
7702
7485
7566
7565
7600
7701
7599
7459
7563
7564
7700
7484
7562
7561
7699
7560
7698
7559
7629
7892
7893
7402
7558
7645
7458
7740
7741
7810
7889
7890
7891
7400
7401
7739
7399
7429
7557
7428
7457
7427
7556
7628
7697
7888
7426
7483
7555
7644
7696
7482
7554
7695
7456
7553
7887
7886
7885
7828
7884
7455
7552
7694
7883
7882
7551
7693
7425
7550
7643
7777
7881
7776
7424
7549
7809
7880
7775
7738
7774
7548
7692
7547
7691
7773
7772
7808
7546
8134
7545
7878
7879
7771
7807
8450
7736
7737
7735
7876
7877
7544
7690
7627
7875
7874
7770
7806
7827
7481
7734
8016
7543
7626
7542
7733
7541
7625
7757
7769
7805
7397
7398
7540
7624
7689
9001
7756
7768
7804
7423
9000
7539
7623
7642
7688
7394
7395
7396
7755
7767
7803
7826
7825
7393
7454
7538
7687
7824
7392
7873
7391
7537
7686
7536
7390
7389
7754
7766
7802
7801
7872
7823
7535
7685
7753
7765
7800
8998
8999
7453
7684
7388
7422
7452
7622
7683
7871
7870
7534
7386
7387
7822
7385
7533
7682
7384
7531
7532
7598
7681
7451
7530
7529
7528
7868
7869
7421
7480
7383
7866
7867
7864
7865
7450
7527
7680
7381
7382
7679
7526
7380
7379
7378
7420
7525
7678
7863
7524
7821
7677
7523
7522
7377
7449
7521
7676
7799
7862
7376
7820
7621
7798
7861
7520
7519
7375
7597
7373
7374
7518
7675
7517
7674
7372
8996
8997
7515
7516
7672
7673
7819
7860
7371
7448
7514
7596
7671
7419
7513
8199
7670
7669
8995
7369
7370
7511
7512
8198
7510
7668
7667
7797
8854
7666
7368
7620
7367
7366
7595
7665
7365
7364
7818
8265
7363
7509
7594
7664
7361
7362
7507
7508
7641
8259
7506
7663
7418
7505
7593
7732
7796
7858
7859
7504
7817
7360
7503
7640
7359
7795
7857
7358
7417
7752
7764
7794
7502
7592
7416
7731
7793
7415
7662
7501
7591
7661
7500
7660
7751
7763
7792
7816
7357
7659
7815
7499
7658
7657
7355
7356
7414
7498
7656
8616
8672
8752
7497
7655
7730
7791
7354
7963
7353
7496
7495
7619
7814
7494
7654
7352
7493
7653
8103
7492
7652
7729
7790
7750
7762
7789
7351
8102
7749
7761
7788
7350
7748
7760
7787
7349
7856
8994
7747
7759
7786
8582
7746
7785
7813
8101
8853
7745
7784
7855
8852
8100
7854
7744
7783
7852
7853
8851
7961
7962
7782
7851
8751
7850
8793
7849
8792
7743
7781
7848
8641
8750
8850
7844
7845
7846
7847
7982
7843
7842
7960
7840
7841
8015
8099
8258
7838
7839
7837
7836
7835
8791
7834
7959
7832
7833
8098
8640
8702
7780
8839
8849
8880
8881
8882
8883
8990
8991
8992
8993
7958
8097
8121
8197
7831
8002
8096
8195
8196
8838
8879
8615
7981
8808
8001
8120
8837
8848
8878
8441
8194
8614
8847
8877
8807
8836
8876
8095
8294
8440
8493
8533
8333
8439
8332
8438
8749
8989
7957
8826
8897
8257
7980
8331
8014
8256
8330
8701
8748
8613
8747
8570
8581
8896
7956
8612
8329
8700
8746
7954
7955
8000
8094
8193
7999
8437
8825
8895
8293
8389
8671
8745
7953
8580
8790
7952
8292
8436
8499
8093
8192
8638
8639
8699
8824
8924
8670
8789
8806
8637
8788
8013
8092
8569
8743
8744
8388
8435
8091
8191
8255
8328
8786
8787
8742
8434
8492
7951
8823
8910
8923
8090
8190
8568
8740
8741
8387
8432
8433
8133
8189
8327
8431
8532
8254
8739
8738
7950
8531
8567
8611
8785
8805
8988
8566
8326
8430
8253
8429
8491
8530
8386
8427
8428
8565
8252
8088
8089
8188
8251
8325
8087
8187
8385
8324
8425
8426
8529
7998
8250
8323
8669
8563
8564
8424
8291
8423
8562
8290
8384
8186
8579
8804
8132
8289
8636
8119
8012
7997
8358
8668
8288
8287
7996
8357
8086
8635
8118
8185
8249
7979
8131
8667
8666
8803
8634
8633
8632
8264
8922
8472
8490
8631
8489
8894
8085
8248
8665
8356
8663
8664
8084
8286
8083
8124
8355
8383
8662
8661
8784
8382
8123
8130
8660
8630
8783
8893
8987
8449
8782
8082
8247
8628
8629
8698
8781
8697
8909
8696
8780
8779
8625
8626
8627
8692
8693
8694
8695
8561
8691
8117
8560
8246
8624
8690
8689
8623
8688
8621
8622
8684
8685
8686
8687
8354
8610
8778
8081
8908
8080
8245
8285
8488
8528
8079
7978
8078
8244
8559
7977
8011
8076
8077
8128
8129
7975
7976
7995
8074
8075
8278
8279
8280
8281
8282
8283
8284
8351
8352
8353
8379
8380
8381
8483
8484
8485
8486
8487
8522
8523
8524
8525
8526
8527
8558
8577
8578
8377
8378
8350
8376
8482
8127
8073
8184
8243
7994
8072
8183
8242
8277
8375
8481
8349
8010
8071
8557
8070
8182
8659
8556
8348
8374
8480
8521
8658
8981
8982
8983
8984
8985
8986
8069
8122
8241
8181
8555
8520
8240
8068
8239
7949
8921
7948
8067
8116
8180
8238
8980
8373
8066
7974
8065
8126
8554
8777
8064
8179
8448
8276
8979
7973
8978
8063
8237
8977
8009
8062
8115
8178
8976
8061
8114
8177
8447
8113
8553
8060
8112
8176
8775
8776
8975
8059
8236
8372
7972
8125
8347
8552
8657
8346
7971
8058
8175
8551
8008
8057
8174
7970
7993
8056
8173
8974
7992
8172
8973
8371
8774
8235
8234
8455
8456
8457
8458
8972
8454
8446
8453
8550
8519
8452
8451
8233
8232
8471
8846
8773
8263
8920
8549
7969
8111
8171
8322
8421
8422
8518
8598
8599
8600
8601
8602
8603
8604
8605
8606
8607
8608
8609
8656
8734
8735
8736
8737
8772
8597
8275
8345
8517
8231
8470
8771
8845
8875
8055
8170
8445
8229
8230
8054
8169
8733
8770
8971
8469
8228
8468
8168
8467
8466
8732
8370
8465
8907
8053
8595
8596
8906
8464
7946
7947
8444
8321
8419
8420
8315
8316
8317
8318
8319
8320
8418
8594
8655
8731
8052
8227
8801
8802
8593
8167
7944
7945
8576
8592
8110
8166
8730
8165
8226
8225
8164
8224
8729
8620
8683
8051
8109
8163
8314
8575
8728
8007
8050
8162
8654
8727
8417
8516
8844
8970
8223
8049
8161
8222
8274
8344
8416
8515
8768
8769
8969
8574
8313
8312
8048
8160
8272
8273
8311
8415
8463
8591
8766
8767
8843
8006
8108
8159
8158
8822
8892
8874
8968
7968
8310
8005
8046
8047
8157
8221
8681
8682
8045
8220
8414
8044
8156
8462
8842
8873
8309
8726
8967
8271
8343
8725
8043
8219
8443
8966
8413
8514
8724
8872
8965
8964
8513
7943
8821
8905
8919
8764
8765
8904
8918
8155
8369
8308
8917
7991
8342
8963
8652
8653
8723
8218
8590
7941
7942
8680
8512
8588
8589
7939
7940
8307
8368
8679
7990
8962
8820
8891
8042
8154
8800
8341
8722
8306
8367
8412
8511
8004
8041
8153
8217
8548
8305
8216
8619
8678
8304
8763
8366
8479
7938
8303
8677
8961
7937
8960
8442
8959
7989
8040
8152
8819
8890
8151
8721
8762
7936
8547
8761
8365
8411
8262
8889
8841
8871
8958
7988
8039
8150
7933
7934
7935
8364
8651
8719
8720
7932
8799
8760
8957
8956
8955
8302
8954
8410
8510
8798
8261
8409
8498
8888
8759
8650
8835
8840
8870
8953
8038
8149
8215
8340
7931
8618
8676
8952
8037
8573
8647
8648
8649
8717
8718
8036
8214
8546
8646
8716
7930
8617
8675
7929
8797
8003
8034
8035
8148
8270
8714
8715
8903
8916
8951
7967
8033
8107
8147
8213
8301
8818
8915
8300
8363
8408
8713
8572
8545
8645
8674
8902
8497
8758
8817
8887
8339
8362
8407
8509
8711
8712
8816
8901
8914
8406
8478
8796
7966
8032
8146
8212
8269
8508
8587
8260
8496
8544
8815
8886
8031
8145
8030
8361
8405
7928
7987
8029
8106
8143
8144
8210
8211
8795
8710
8834
8869
8950
7927
8461
8644
8709
8209
8338
8404
8477
8507
8833
8868
8949
7926
8708
7965
8028
8105
8142
8208
8360
8403
8476
7925
8027
8141
8543
7964
8207
7986
8206
8586
8832
8867
8542
8540
8541
8585
8831
8866
8948
8643
8707
7985
8205
8140
8204
8947
8268
8299
8506
8539
7924
8402
8865
8267
8830
8864
7923
8026
8139
8505
8495
8814
8885
8400
8401
8794
8399
8571
8706
8025
8584
8757
8863
7984
8024
8138
8359
8862
8946
7983
8023
8203
8298
8756
8337
8398
8538
8829
8861
8944
8945
8022
8021
8137
8397
8504
8020
8202
8019
8201
8136
8813
8913
8297
8018
8336
8395
8396
8474
8475
8503
8705
8755
8295
8296
8394
8393
8812
8642
8703
8704
8754
8017
8135
8200
8266
8391
8392
8501
8502
8335
8390
8473
8753
8941
8942
8943
8537
8583
8827
8828
8859
8860
8494
8858
8104
8857
8940
8334
8900
8536
8811
8899
8939
8810
8884
8937
8938
8898
8912
8936
8534
8535
8935
8856
8500
8934
8931
8932
8933
8855
8930
8809
8911
8927
8928
8929
9002
8926
8925